       0	 41.842	 15.85833	 130.000
       1	 41.842	 15.87500	 176.000
       2	 41.842	 15.89167	 423.000
       3	 41.842	 15.90833	 614.000
       4	 41.842	 15.92500	 523.000
       5	 41.842	 15.94167	 617.000
       6	 41.842	 15.95833	 686.000
       7	 41.842	 15.97500	 656.000
       8	 41.842	 15.99167	 631.000
       9	 41.842	 16.00833	 685.000
      10	 41.842	 16.02500	 631.000
      11	 41.842	 16.04167	 594.000
      12	 41.842	 16.05833	 482.000
      13	 41.842	 16.07500	 359.000
      14	 41.842	 16.09167	 322.000
      15	 41.842	 16.10833	 320.000
      16	 41.842	 16.12500	 234.000
      17	 41.842	 16.14167	 216.000
      18	 41.842	 16.15833	 99.000
      19	 41.842	 16.17500	 68.000
      20	 41.842	 16.19167	 -7.450
      21	 41.842	 16.20833	 -12.600
      22	 41.842	 16.22500	 -15.100
      23	 41.842	 16.24167	 -17.500
      24	 41.842	 16.25833	 -20.350
      25	 41.842	 16.27500	 -23.000
      26	 41.842	 16.29167	 -26.150
      27	 41.842	 16.30833	 -32.450
      28	 41.842	 16.32500	 -40.100
      29	 41.842	 16.34167	 -48.400
      30	 41.842	 16.35833	 -55.550
      31	 41.842	 16.37500	 -61.700
      32	 41.842	 16.39167	 -65.900
      33	 41.842	 16.40833	 -71.500
      34	 41.842	 16.42500	 -76.300
      35	 41.842	 16.44167	 -79.800
      36	 41.842	 16.45833	 -83.600
      37	 41.842	 16.47500	 -86.750
      38	 41.842	 16.49167	 -90.150
      39	 41.842	 16.50833	 -92.800
      40	 41.842	 16.52500	 -95.150
      41	 41.842	 16.54167	 -97.500
      42	 41.842	 16.55833	 -99.800
      43	 41.842	 16.57500	 -102.200
      44	 41.842	 16.59167	 -104.900
      45	 41.842	 16.60833	 -107.350
      46	 41.842	 16.62500	 -109.150
      47	 41.842	 16.64167	 -114.400
      48	 41.842	 16.65833	 -114.500
      49	 41.842	 16.67500	 -115.550
      50	 41.842	 16.69167	 -129.800
      51	 41.842	 16.70833	 -134.550
      52	 41.842	 16.72500	 -140.050
      53	 41.842	 16.74167	 -144.200
      54	 41.842	 16.75833	 -147.600
      55	 41.842	 16.77500	 -154.100
      56	 41.842	 16.79167	 -164.000
      57	 41.842	 16.80833	 -177.900
      58	 41.842	 16.82500	 -193.600
      59	 41.842	 16.84167	 -209.950
      60	 41.825	 15.85833	 226.000
      61	 41.825	 15.87500	 225.000
      62	 41.825	 15.89167	 232.000
      63	 41.825	 15.90833	 366.000
      64	 41.825	 15.92500	 578.000
      65	 41.825	 15.94167	 689.000
      66	 41.825	 15.95833	 689.000
      67	 41.825	 15.97500	 696.000
      68	 41.825	 15.99167	 792.000
      69	 41.825	 16.00833	 747.000
      70	 41.825	 16.02500	 694.000
      71	 41.825	 16.04167	 646.000
      72	 41.825	 16.05833	 570.000
      73	 41.825	 16.07500	 512.000
      74	 41.825	 16.09167	 463.000
      75	 41.825	 16.10833	 322.000
      76	 41.825	 16.12500	 305.000
      77	 41.825	 16.14167	 251.000
      78	 41.825	 16.15833	 244.000
      79	 41.825	 16.17500	 123.000
      80	 41.825	 16.19167	 84.000
      81	 41.825	 16.20833	 -12.300
      82	 41.825	 16.22500	 -14.500
      83	 41.825	 16.24167	 -17.100
      84	 41.825	 16.25833	 -19.500
      85	 41.825	 16.27500	 -22.000
      86	 41.825	 16.29167	 -24.500
      87	 41.825	 16.30833	 -29.550
      88	 41.825	 16.32500	 -37.100
      89	 41.825	 16.34167	 -44.200
      90	 41.825	 16.35833	 -51.050
      91	 41.825	 16.37500	 -58.150
      92	 41.825	 16.39167	 -63.550
      93	 41.825	 16.40833	 -69.600
      94	 41.825	 16.42500	 -74.800
      95	 41.825	 16.44167	 -78.100
      96	 41.825	 16.45833	 -81.500
      97	 41.825	 16.47500	 -84.900
      98	 41.825	 16.49167	 -88.200
      99	 41.825	 16.50833	 -90.900
     100	 41.825	 16.52500	 -93.300
     101	 41.825	 16.54167	 -95.500
     102	 41.825	 16.55833	 -98.000
     103	 41.825	 16.57500	 -100.150
     104	 41.825	 16.59167	 -102.550
     105	 41.825	 16.60833	 -105.450
     106	 41.825	 16.62500	 -107.150
     107	 41.825	 16.64167	 -112.000
     108	 41.825	 16.65833	 -112.850
     109	 41.825	 16.67500	 -115.250
     110	 41.825	 16.69167	 -114.700
     111	 41.825	 16.70833	 -131.350
     112	 41.825	 16.72500	 -136.950
     113	 41.825	 16.74167	 -140.350
     114	 41.825	 16.75833	 -145.200
     115	 41.825	 16.77500	 -148.900
     116	 41.825	 16.79167	 -157.300
     117	 41.825	 16.80833	 -171.750
     118	 41.825	 16.82500	 -184.950
     119	 41.825	 16.84167	 -199.850
     120	 41.808	 15.85833	 637.000
     121	 41.808	 15.87500	 485.000
     122	 41.808	 15.89167	 491.000
     123	 41.808	 15.90833	 441.000
     124	 41.808	 15.92500	 560.000
     125	 41.808	 15.94167	 597.000
     126	 41.808	 15.95833	 714.000
     127	 41.808	 15.97500	 752.000
     128	 41.808	 15.99167	 764.000
     129	 41.808	 16.00833	 803.000
     130	 41.808	 16.02500	 753.000
     131	 41.808	 16.04167	 776.000
     132	 41.808	 16.05833	 689.000
     133	 41.808	 16.07500	 635.000
     134	 41.808	 16.09167	 574.000
     135	 41.808	 16.10833	 433.000
     136	 41.808	 16.12500	 383.000
     137	 41.808	 16.14167	 371.000
     138	 41.808	 16.15833	 253.000
     139	 41.808	 16.17500	 113.000
     140	 41.808	 16.19167	 71.000
     141	 41.808	 16.20833	 -12.100
     142	 41.808	 16.22500	 -14.200
     143	 41.808	 16.24167	 -16.300
     144	 41.808	 16.25833	 -18.900
     145	 41.808	 16.27500	 -21.150
     146	 41.808	 16.29167	 -23.700
     147	 41.808	 16.30833	 -28.450
     148	 41.808	 16.32500	 -34.950
     149	 41.808	 16.34167	 -41.300
     150	 41.808	 16.35833	 -47.250
     151	 41.808	 16.37500	 -53.850
     152	 41.808	 16.39167	 -61.250
     153	 41.808	 16.40833	 -66.800
     154	 41.808	 16.42500	 -72.500
     155	 41.808	 16.44167	 -76.550
     156	 41.808	 16.45833	 -80.000
     157	 41.808	 16.47500	 -83.550
     158	 41.808	 16.49167	 -86.750
     159	 41.808	 16.50833	 -89.400
     160	 41.808	 16.52500	 -91.950
     161	 41.808	 16.54167	 -94.150
     162	 41.808	 16.55833	 -96.400
     163	 41.808	 16.57500	 -98.250
     164	 41.808	 16.59167	 -99.800
     165	 41.808	 16.60833	 -102.300
     166	 41.808	 16.62500	 -105.300
     167	 41.808	 16.64167	 -106.500
     168	 41.808	 16.65833	 -110.900
     169	 41.808	 16.67500	 -110.800
     170	 41.808	 16.69167	 -112.700
     171	 41.808	 16.70833	 -116.600
     172	 41.808	 16.72500	 -133.200
     173	 41.808	 16.74167	 -138.100
     174	 41.808	 16.75833	 -142.250
     175	 41.808	 16.77500	 -146.200
     176	 41.808	 16.79167	 -154.400
     177	 41.808	 16.80833	 -164.100
     178	 41.808	 16.82500	 -176.200
     179	 41.808	 16.84167	 -188.350
     180	 41.792	 15.85833	 695.000
     181	 41.792	 15.87500	 630.000
     182	 41.792	 15.89167	 713.000
     183	 41.792	 15.90833	 530.000
     184	 41.792	 15.92500	 563.000
     185	 41.792	 15.94167	 611.000
     186	 41.792	 15.95833	 711.000
     187	 41.792	 15.97500	 687.000
     188	 41.792	 15.99167	 772.000
     189	 41.792	 16.00833	 773.000
     190	 41.792	 16.02500	 775.000
     191	 41.792	 16.04167	 796.000
     192	 41.792	 16.05833	 802.000
     193	 41.792	 16.07500	 724.000
     194	 41.792	 16.09167	 662.000
     195	 41.792	 16.10833	 594.000
     196	 41.792	 16.12500	 509.000
     197	 41.792	 16.14167	 386.000
     198	 41.792	 16.15833	 238.000
     199	 41.792	 16.17500	 185.000
     200	 41.792	 16.19167	 115.000
     201	 41.792	 16.20833	 -13.000
     202	 41.792	 16.22500	 -14.300
     203	 41.792	 16.24167	 -16.200
     204	 41.792	 16.25833	 -18.500
     205	 41.792	 16.27500	 -20.500
     206	 41.792	 16.29167	 -23.200
     207	 41.792	 16.30833	 -27.200
     208	 41.792	 16.32500	 -32.700
     209	 41.792	 16.34167	 -39.700
     210	 41.792	 16.35833	 -45.100
     211	 41.792	 16.37500	 -52.100
     212	 41.792	 16.39167	 -58.450
     213	 41.792	 16.40833	 -64.600
     214	 41.792	 16.42500	 -70.800
     215	 41.792	 16.44167	 -74.800
     216	 41.792	 16.45833	 -79.000
     217	 41.792	 16.47500	 -82.200
     218	 41.792	 16.49167	 -85.550
     219	 41.792	 16.50833	 -88.550
     220	 41.792	 16.52500	 -91.150
     221	 41.792	 16.54167	 -93.500
     222	 41.792	 16.55833	 -95.300
     223	 41.792	 16.57500	 -96.950
     224	 41.792	 16.59167	 -98.150
     225	 41.792	 16.60833	 -99.450
     226	 41.792	 16.62500	 -102.400
     227	 41.792	 16.64167	 -105.050
     228	 41.792	 16.65833	 -107.150
     229	 41.792	 16.67500	 -110.550
     230	 41.792	 16.69167	 -115.050
     231	 41.792	 16.70833	 -116.600
     232	 41.792	 16.72500	 -127.100
     233	 41.792	 16.74167	 -138.650
     234	 41.792	 16.75833	 -140.550
     235	 41.792	 16.77500	 -143.850
     236	 41.792	 16.79167	 -148.900
     237	 41.792	 16.80833	 -157.050
     238	 41.792	 16.82500	 -169.400
     239	 41.792	 16.84167	 -184.350
     240	 41.775	 15.85833	 655.000
     241	 41.775	 15.87500	 804.000
     242	 41.775	 15.89167	 882.000
     243	 41.775	 15.90833	 922.000
     244	 41.775	 15.92500	 661.000
     245	 41.775	 15.94167	 629.000
     246	 41.775	 15.95833	 657.000
     247	 41.775	 15.97500	 667.000
     248	 41.775	 15.99167	 642.000
     249	 41.775	 16.00833	 730.000
     250	 41.775	 16.02500	 700.000
     251	 41.775	 16.04167	 667.000
     252	 41.775	 16.05833	 698.000
     253	 41.775	 16.07500	 699.000
     254	 41.775	 16.09167	 663.000
     255	 41.775	 16.10833	 554.000
     256	 41.775	 16.12500	 517.000
     257	 41.775	 16.14167	 407.000
     258	 41.775	 16.15833	 326.000
     259	 41.775	 16.17500	 190.000
     260	 41.775	 16.19167	 6.587
     261	 41.775	 16.20833	 -13.600
     262	 41.775	 16.22500	 -14.700
     263	 41.775	 16.24167	 -16.300
     264	 41.775	 16.25833	 -18.300
     265	 41.775	 16.27500	 -20.200
     266	 41.775	 16.29167	 -22.900
     267	 41.775	 16.30833	 -25.950
     268	 41.775	 16.32500	 -31.400
     269	 41.775	 16.34167	 -37.950
     270	 41.775	 16.35833	 -44.550
     271	 41.775	 16.37500	 -50.800
     272	 41.775	 16.39167	 -55.450
     273	 41.775	 16.40833	 -62.350
     274	 41.775	 16.42500	 -68.300
     275	 41.775	 16.44167	 -73.650
     276	 41.775	 16.45833	 -77.600
     277	 41.775	 16.47500	 -81.100
     278	 41.775	 16.49167	 -84.800
     279	 41.775	 16.50833	 -87.650
     280	 41.775	 16.52500	 -90.600
     281	 41.775	 16.54167	 -92.450
     282	 41.775	 16.55833	 -94.200
     283	 41.775	 16.57500	 -95.550
     284	 41.775	 16.59167	 -96.700
     285	 41.775	 16.60833	 -98.300
     286	 41.775	 16.62500	 -99.900
     287	 41.775	 16.64167	 -102.450
     288	 41.775	 16.65833	 -104.450
     289	 41.775	 16.67500	 -109.700
     290	 41.775	 16.69167	 -110.150
     291	 41.775	 16.70833	 -113.350
     292	 41.775	 16.72500	 -117.450
     293	 41.775	 16.74167	 -133.550
     294	 41.775	 16.75833	 -138.000
     295	 41.775	 16.77500	 -141.600
     296	 41.775	 16.79167	 -144.900
     297	 41.775	 16.80833	 -149.600
     298	 41.775	 16.82500	 -163.250
     299	 41.775	 16.84167	 -179.900
     300	 41.758	 15.85833	 669.000
     301	 41.758	 15.87500	 663.000
     302	 41.758	 15.89167	 589.000
     303	 41.758	 15.90833	 938.000
     304	 41.758	 15.92500	 958.000
     305	 41.758	 15.94167	 792.000
     306	 41.758	 15.95833	 643.000
     307	 41.758	 15.97500	 653.000
     308	 41.758	 15.99167	 603.000
     309	 41.758	 16.00833	 614.000
     310	 41.758	 16.02500	 699.000
     311	 41.758	 16.04167	 845.000
     312	 41.758	 16.05833	 627.000
     313	 41.758	 16.07500	 629.000
     314	 41.758	 16.09167	 426.000
     315	 41.758	 16.10833	 468.000
     316	 41.758	 16.12500	 310.000
     317	 41.758	 16.14167	 315.000
     318	 41.758	 16.15833	 120.000
     319	 41.758	 16.17500	 -10.950
     320	 41.758	 16.19167	 -13.200
     321	 41.758	 16.20833	 -14.000
     322	 41.758	 16.22500	 -15.000
     323	 41.758	 16.24167	 -16.500
     324	 41.758	 16.25833	 -18.200
     325	 41.758	 16.27500	 -20.100
     326	 41.758	 16.29167	 -22.500
     327	 41.758	 16.30833	 -25.400
     328	 41.758	 16.32500	 -30.600
     329	 41.758	 16.34167	 -36.800
     330	 41.758	 16.35833	 -43.300
     331	 41.758	 16.37500	 -49.600
     332	 41.758	 16.39167	 -53.900
     333	 41.758	 16.40833	 -60.750
     334	 41.758	 16.42500	 -66.250
     335	 41.758	 16.44167	 -72.250
     336	 41.758	 16.45833	 -76.500
     337	 41.758	 16.47500	 -80.050
     338	 41.758	 16.49167	 -83.700
     339	 41.758	 16.50833	 -87.000
     340	 41.758	 16.52500	 -89.650
     341	 41.758	 16.54167	 -91.450
     342	 41.758	 16.55833	 -93.100
     343	 41.758	 16.57500	 -94.350
     344	 41.758	 16.59167	 -95.150
     345	 41.758	 16.60833	 -96.900
     346	 41.758	 16.62500	 -98.750
     347	 41.758	 16.64167	 -100.700
     348	 41.758	 16.65833	 -103.100
     349	 41.758	 16.67500	 -107.700
     350	 41.758	 16.69167	 -114.300
     351	 41.758	 16.70833	 -113.700
     352	 41.758	 16.72500	 -117.850
     353	 41.758	 16.74167	 -130.950
     354	 41.758	 16.75833	 -134.200
     355	 41.758	 16.77500	 -138.750
     356	 41.758	 16.79167	 -142.200
     357	 41.758	 16.80833	 -146.450
     358	 41.758	 16.82500	 -151.800
     359	 41.758	 16.84167	 -165.250
     360	 41.742	 15.85833	 659.000
     361	 41.742	 15.87500	 749.000
     362	 41.742	 15.89167	 776.000
     363	 41.742	 15.90833	 672.000
     364	 41.742	 15.92500	 679.000
     365	 41.742	 15.94167	 784.000
     366	 41.742	 15.95833	 802.000
     367	 41.742	 15.97500	 662.000
     368	 41.742	 15.99167	 675.000
     369	 41.742	 16.00833	 636.000
     370	 41.742	 16.02500	 607.000
     371	 41.742	 16.04167	 534.000
     372	 41.742	 16.05833	 508.000
     373	 41.742	 16.07500	 557.000
     374	 41.742	 16.09167	 295.000
     375	 41.742	 16.10833	 227.000
     376	 41.742	 16.12500	 158.000
     377	 41.742	 16.14167	 122.000
     378	 41.742	 16.15833	 -10.600
     379	 41.742	 16.17500	 -11.850
     380	 41.742	 16.19167	 -13.400
     381	 41.742	 16.20833	 -14.100
     382	 41.742	 16.22500	 -15.300
     383	 41.742	 16.24167	 -16.600
     384	 41.742	 16.25833	 -18.200
     385	 41.742	 16.27500	 -19.900
     386	 41.742	 16.29167	 -22.300
     387	 41.742	 16.30833	 -25.400
     388	 41.742	 16.32500	 -30.400
     389	 41.742	 16.34167	 -36.800
     390	 41.742	 16.35833	 -42.350
     391	 41.742	 16.37500	 -47.700
     392	 41.742	 16.39167	 -52.500
     393	 41.742	 16.40833	 -59.150
     394	 41.742	 16.42500	 -65.400
     395	 41.742	 16.44167	 -71.050
     396	 41.742	 16.45833	 -75.750
     397	 41.742	 16.47500	 -79.200
     398	 41.742	 16.49167	 -82.900
     399	 41.742	 16.50833	 -86.300
     400	 41.742	 16.52500	 -88.500
     401	 41.742	 16.54167	 -90.400
     402	 41.742	 16.55833	 -92.100
     403	 41.742	 16.57500	 -93.750
     404	 41.742	 16.59167	 -94.600
     405	 41.742	 16.60833	 -95.900
     406	 41.742	 16.62500	 -97.950
     407	 41.742	 16.64167	 -99.500
     408	 41.742	 16.65833	 -101.900
     409	 41.742	 16.67500	 -104.300
     410	 41.742	 16.69167	 -105.600
     411	 41.742	 16.70833	 -110.500
     412	 41.742	 16.72500	 -113.500
     413	 41.742	 16.74167	 -121.700
     414	 41.742	 16.75833	 -131.350
     415	 41.742	 16.77500	 -135.950
     416	 41.742	 16.79167	 -139.050
     417	 41.742	 16.80833	 -144.200
     418	 41.742	 16.82500	 -148.650
     419	 41.742	 16.84167	 -157.350
     420	 41.725	 15.85833	 729.000
     421	 41.725	 15.87500	 734.000
     422	 41.725	 15.89167	 653.000
     423	 41.725	 15.90833	 636.000
     424	 41.725	 15.92500	 609.000
     425	 41.725	 15.94167	 604.000
     426	 41.725	 15.95833	 692.000
     427	 41.725	 15.97500	 595.000
     428	 41.725	 15.99167	 615.000
     429	 41.725	 16.00833	 592.000
     430	 41.725	 16.02500	 502.000
     431	 41.725	 16.04167	 334.000
     432	 41.725	 16.05833	 238.000
     433	 41.725	 16.07500	 112.000
     434	 41.725	 16.09167	 192.000
     435	 41.725	 16.10833	 -4.850
     436	 41.725	 16.12500	 -9.400
     437	 41.725	 16.14167	 -10.500
     438	 41.725	 16.15833	 -11.550
     439	 41.725	 16.17500	 -12.600
     440	 41.725	 16.19167	 -13.400
     441	 41.725	 16.20833	 -14.000
     442	 41.725	 16.22500	 -15.400
     443	 41.725	 16.24167	 -16.650
     444	 41.725	 16.25833	 -18.300
     445	 41.725	 16.27500	 -19.700
     446	 41.725	 16.29167	 -22.100
     447	 41.725	 16.30833	 -25.000
     448	 41.725	 16.32500	 -30.600
     449	 41.725	 16.34167	 -36.100
     450	 41.725	 16.35833	 -41.450
     451	 41.725	 16.37500	 -46.400
     452	 41.725	 16.39167	 -51.400
     453	 41.725	 16.40833	 -58.300
     454	 41.725	 16.42500	 -64.250
     455	 41.725	 16.44167	 -69.800
     456	 41.725	 16.45833	 -75.150
     457	 41.725	 16.47500	 -78.500
     458	 41.725	 16.49167	 -82.650
     459	 41.725	 16.50833	 -85.500
     460	 41.725	 16.52500	 -87.700
     461	 41.725	 16.54167	 -89.650
     462	 41.725	 16.55833	 -91.600
     463	 41.725	 16.57500	 -93.500
     464	 41.725	 16.59167	 -95.100
     465	 41.725	 16.60833	 -96.200
     466	 41.725	 16.62500	 -97.700
     467	 41.725	 16.64167	 -99.250
     468	 41.725	 16.65833	 -101.100
     469	 41.725	 16.67500	 -105.850
     470	 41.725	 16.69167	 -107.500
     471	 41.725	 16.70833	 -108.600
     472	 41.725	 16.72500	 -111.750
     473	 41.725	 16.74167	 -117.800
     474	 41.725	 16.75833	 -126.950
     475	 41.725	 16.77500	 -133.400
     476	 41.725	 16.79167	 -137.900
     477	 41.725	 16.80833	 -143.950
     478	 41.725	 16.82500	 -146.700
     479	 41.725	 16.84167	 -153.600
     480	 41.708	 15.85833	 573.000
     481	 41.708	 15.87500	 623.000
     482	 41.708	 15.89167	 732.000
     483	 41.708	 15.90833	 785.000
     484	 41.708	 15.92500	 827.000
     485	 41.708	 15.94167	 821.000
     486	 41.708	 15.95833	 753.000
     487	 41.708	 15.97500	 591.000
     488	 41.708	 15.99167	 365.000
     489	 41.708	 16.00833	 320.000
     490	 41.708	 16.02500	 264.000
     491	 41.708	 16.04167	 120.000
     492	 41.708	 16.05833	 26.000
     493	 41.708	 16.07500	 -0.040
     494	 41.708	 16.09167	 -8.200
     495	 41.708	 16.10833	 -10.050
     496	 41.708	 16.12500	 -10.650
     497	 41.708	 16.14167	 -11.550
     498	 41.708	 16.15833	 -12.200
     499	 41.708	 16.17500	 -12.600
     500	 41.708	 16.19167	 -13.200
     501	 41.708	 16.20833	 -13.800
     502	 41.708	 16.22500	 -15.200
     503	 41.708	 16.24167	 -16.950
     504	 41.708	 16.25833	 -18.400
     505	 41.708	 16.27500	 -19.700
     506	 41.708	 16.29167	 -22.100
     507	 41.708	 16.30833	 -25.350
     508	 41.708	 16.32500	 -31.100
     509	 41.708	 16.34167	 -35.650
     510	 41.708	 16.35833	 -41.200
     511	 41.708	 16.37500	 -45.650
     512	 41.708	 16.39167	 -51.000
     513	 41.708	 16.40833	 -57.100
     514	 41.708	 16.42500	 -62.950
     515	 41.708	 16.44167	 -68.400
     516	 41.708	 16.45833	 -74.000
     517	 41.708	 16.47500	 -78.250
     518	 41.708	 16.49167	 -81.700
     519	 41.708	 16.50833	 -84.500
     520	 41.708	 16.52500	 -87.000
     521	 41.708	 16.54167	 -89.350
     522	 41.708	 16.55833	 -91.350
     523	 41.708	 16.57500	 -93.150
     524	 41.708	 16.59167	 -94.900
     525	 41.708	 16.60833	 -96.100
     526	 41.708	 16.62500	 -97.900
     527	 41.708	 16.64167	 -99.400
     528	 41.708	 16.65833	 -101.450
     529	 41.708	 16.67500	 -106.250
     530	 41.708	 16.69167	 -104.800
     531	 41.708	 16.70833	 -108.500
     532	 41.708	 16.72500	 -113.300
     533	 41.708	 16.74167	 -115.850
     534	 41.708	 16.75833	 -124.800
     535	 41.708	 16.77500	 -132.650
     536	 41.708	 16.79167	 -137.900
     537	 41.708	 16.80833	 -142.400
     538	 41.708	 16.82500	 -147.250
     539	 41.708	 16.84167	 -146.350
     540	 41.692	 15.85833	 477.000
     541	 41.692	 15.87500	 564.000
     542	 41.692	 15.89167	 609.000
     543	 41.692	 15.90833	 645.000
     544	 41.692	 15.92500	 630.000
     545	 41.692	 15.94167	 540.000
     546	 41.692	 15.95833	 464.000
     547	 41.692	 15.97500	 565.000
     548	 41.692	 15.99167	 361.000
     549	 41.692	 16.00833	 419.000
     550	 41.692	 16.02500	 432.000
     551	 41.692	 16.04167	 274.000
     552	 41.692	 16.05833	 109.000
     553	 41.692	 16.07500	 -8.300
     554	 41.692	 16.09167	 -9.950
     555	 41.692	 16.10833	 -11.000
     556	 41.692	 16.12500	 -11.600
     557	 41.692	 16.14167	 -12.200
     558	 41.692	 16.15833	 -12.550
     559	 41.692	 16.17500	 -12.800
     560	 41.692	 16.19167	 -13.250
     561	 41.692	 16.20833	 -14.000
     562	 41.692	 16.22500	 -15.400
     563	 41.692	 16.24167	 -17.150
     564	 41.692	 16.25833	 -18.500
     565	 41.692	 16.27500	 -19.750
     566	 41.692	 16.29167	 -22.300
     567	 41.692	 16.30833	 -26.300
     568	 41.692	 16.32500	 -31.000
     569	 41.692	 16.34167	 -35.000
     570	 41.692	 16.35833	 -40.400
     571	 41.692	 16.37500	 -45.050
     572	 41.692	 16.39167	 -51.000
     573	 41.692	 16.40833	 -56.500
     574	 41.692	 16.42500	 -61.750
     575	 41.692	 16.44167	 -67.400
     576	 41.692	 16.45833	 -73.000
     577	 41.692	 16.47500	 -77.200
     578	 41.692	 16.49167	 -80.850
     579	 41.692	 16.50833	 -83.700
     580	 41.692	 16.52500	 -86.400
     581	 41.692	 16.54167	 -89.400
     582	 41.692	 16.55833	 -91.100
     583	 41.692	 16.57500	 -92.550
     584	 41.692	 16.59167	 -94.000
     585	 41.692	 16.60833	 -95.350
     586	 41.692	 16.62500	 -98.100
     587	 41.692	 16.64167	 -100.450
     588	 41.692	 16.65833	 -102.800
     589	 41.692	 16.67500	 -104.900
     590	 41.692	 16.69167	 -111.750
     591	 41.692	 16.70833	 -109.700
     592	 41.692	 16.72500	 -112.200
     593	 41.692	 16.74167	 -116.100
     594	 41.692	 16.75833	 -121.200
     595	 41.692	 16.77500	 -129.900
     596	 41.692	 16.79167	 -134.450
     597	 41.692	 16.80833	 -139.450
     598	 41.692	 16.82500	 -142.600
     599	 41.692	 16.84167	 -145.200
     600	 41.675	 15.85833	 493.000
     601	 41.675	 15.87500	 501.000
     602	 41.675	 15.89167	 500.000
     603	 41.675	 15.90833	 448.000
     604	 41.675	 15.92500	 417.000
     605	 41.675	 15.94167	 272.000
     606	 41.675	 15.95833	 202.000
     607	 41.675	 15.97500	 117.000
     608	 41.675	 15.99167	 74.000
     609	 41.675	 16.00833	 53.000
     610	 41.675	 16.02500	 19.000
     611	 41.675	 16.04167	 -4.950
     612	 41.675	 16.05833	 -9.000
     613	 41.675	 16.07500	 -10.450
     614	 41.675	 16.09167	 -11.200
     615	 41.675	 16.10833	 -11.500
     616	 41.675	 16.12500	 -12.200
     617	 41.675	 16.14167	 -12.500
     618	 41.675	 16.15833	 -12.950
     619	 41.675	 16.17500	 -13.200
     620	 41.675	 16.19167	 -13.800
     621	 41.675	 16.20833	 -14.600
     622	 41.675	 16.22500	 -16.150
     623	 41.675	 16.24167	 -17.500
     624	 41.675	 16.25833	 -18.900
     625	 41.675	 16.27500	 -20.300
     626	 41.675	 16.29167	 -23.200
     627	 41.675	 16.30833	 -26.800
     628	 41.675	 16.32500	 -30.900
     629	 41.675	 16.34167	 -34.700
     630	 41.675	 16.35833	 -39.800
     631	 41.675	 16.37500	 -45.100
     632	 41.675	 16.39167	 -50.250
     633	 41.675	 16.40833	 -55.750
     634	 41.675	 16.42500	 -60.750
     635	 41.675	 16.44167	 -66.400
     636	 41.675	 16.45833	 -71.800
     637	 41.675	 16.47500	 -76.100
     638	 41.675	 16.49167	 -80.100
     639	 41.675	 16.50833	 -83.100
     640	 41.675	 16.52500	 -86.200
     641	 41.675	 16.54167	 -88.600
     642	 41.675	 16.55833	 -90.500
     643	 41.675	 16.57500	 -91.950
     644	 41.675	 16.59167	 -93.200
     645	 41.675	 16.60833	 -94.700
     646	 41.675	 16.62500	 -98.000
     647	 41.675	 16.64167	 -101.000
     648	 41.675	 16.65833	 -103.500
     649	 41.675	 16.67500	 -105.600
     650	 41.675	 16.69167	 -107.100
     651	 41.675	 16.70833	 -109.600
     652	 41.675	 16.72500	 -112.000
     653	 41.675	 16.74167	 -114.950
     654	 41.675	 16.75833	 -119.500
     655	 41.675	 16.77500	 -125.700
     656	 41.675	 16.79167	 -130.150
     657	 41.675	 16.80833	 -134.700
     658	 41.675	 16.82500	 -139.700
     659	 41.675	 16.84167	 -144.400
     660	 41.658	 15.85833	 275.000
     661	 41.658	 15.87500	 225.000
     662	 41.658	 15.89167	 141.000
     663	 41.658	 15.90833	 119.000
     664	 41.658	 15.92500	 105.000
     665	 41.658	 15.94167	 68.000
     666	 41.658	 15.95833	 51.000
     667	 41.658	 15.97500	 29.000
     668	 41.658	 15.99167	 -5.250
     669	 41.658	 16.00833	 -8.700
     670	 41.658	 16.02500	 -10.000
     671	 41.658	 16.04167	 -10.500
     672	 41.658	 16.05833	 -11.000
     673	 41.658	 16.07500	 -11.250
     674	 41.658	 16.09167	 -11.700
     675	 41.658	 16.10833	 -12.100
     676	 41.658	 16.12500	 -12.400
     677	 41.658	 16.14167	 -13.000
     678	 41.658	 16.15833	 -13.400
     679	 41.658	 16.17500	 -13.750
     680	 41.658	 16.19167	 -14.400
     681	 41.658	 16.20833	 -15.250
     682	 41.658	 16.22500	 -16.700
     683	 41.658	 16.24167	 -18.000
     684	 41.658	 16.25833	 -19.300
     685	 41.658	 16.27500	 -21.100
     686	 41.658	 16.29167	 -23.550
     687	 41.658	 16.30833	 -27.000
     688	 41.658	 16.32500	 -31.100
     689	 41.658	 16.34167	 -34.800
     690	 41.658	 16.35833	 -39.750
     691	 41.658	 16.37500	 -45.300
     692	 41.658	 16.39167	 -49.500
     693	 41.658	 16.40833	 -54.400
     694	 41.658	 16.42500	 -59.300
     695	 41.658	 16.44167	 -65.650
     696	 41.658	 16.45833	 -70.000
     697	 41.658	 16.47500	 -74.800
     698	 41.658	 16.49167	 -79.050
     699	 41.658	 16.50833	 -82.250
     700	 41.658	 16.52500	 -85.100
     701	 41.658	 16.54167	 -87.500
     702	 41.658	 16.55833	 -89.900
     703	 41.658	 16.57500	 -91.200
     704	 41.658	 16.59167	 -92.650
     705	 41.658	 16.60833	 -94.200
     706	 41.658	 16.62500	 -97.000
     707	 41.658	 16.64167	 -100.450
     708	 41.658	 16.65833	 -102.600
     709	 41.658	 16.67500	 -104.800
     710	 41.658	 16.69167	 -106.500
     711	 41.658	 16.70833	 -108.550
     712	 41.658	 16.72500	 -110.900
     713	 41.658	 16.74167	 -113.550
     714	 41.658	 16.75833	 -117.200
     715	 41.658	 16.77500	 -122.350
     716	 41.658	 16.79167	 -126.400
     717	 41.658	 16.80833	 -131.400
     718	 41.658	 16.82500	 -135.650
     719	 41.658	 16.84167	 -139.000
     720	 41.642	 15.85833	 102.000
     721	 41.642	 15.87500	 84.000
     722	 41.642	 15.89167	 61.000
     723	 41.642	 15.90833	 46.000
     724	 41.642	 15.92500	 0.000
     725	 41.642	 15.94167	 0.000
     726	 41.642	 15.95833	 -4.450
     727	 41.642	 15.97500	 -8.700
     728	 41.642	 15.99167	 -10.000
     729	 41.642	 16.00833	 -10.200
     730	 41.642	 16.02500	 -10.800
     731	 41.642	 16.04167	 -11.400
     732	 41.642	 16.05833	 -12.100
     733	 41.642	 16.07500	 -12.350
     734	 41.642	 16.09167	 -12.600
     735	 41.642	 16.10833	 -12.950
     736	 41.642	 16.12500	 -13.300
     737	 41.642	 16.14167	 -13.750
     738	 41.642	 16.15833	 -14.000
     739	 41.642	 16.17500	 -14.200
     740	 41.642	 16.19167	 -14.700
     741	 41.642	 16.20833	 -15.950
     742	 41.642	 16.22500	 -17.200
     743	 41.642	 16.24167	 -18.400
     744	 41.642	 16.25833	 -19.800
     745	 41.642	 16.27500	 -21.750
     746	 41.642	 16.29167	 -24.100
     747	 41.642	 16.30833	 -27.600
     748	 41.642	 16.32500	 -31.450
     749	 41.642	 16.34167	 -34.900
     750	 41.642	 16.35833	 -40.200
     751	 41.642	 16.37500	 -45.300
     752	 41.642	 16.39167	 -49.400
     753	 41.642	 16.40833	 -53.400
     754	 41.642	 16.42500	 -58.950
     755	 41.642	 16.44167	 -63.800
     756	 41.642	 16.45833	 -68.450
     757	 41.642	 16.47500	 -72.900
     758	 41.642	 16.49167	 -77.700
     759	 41.642	 16.50833	 -81.500
     760	 41.642	 16.52500	 -84.200
     761	 41.642	 16.54167	 -86.500
     762	 41.642	 16.55833	 -88.550
     763	 41.642	 16.57500	 -90.400
     764	 41.642	 16.59167	 -91.850
     765	 41.642	 16.60833	 -93.900
     766	 41.642	 16.62500	 -96.300
     767	 41.642	 16.64167	 -99.100
     768	 41.642	 16.65833	 -101.150
     769	 41.642	 16.67500	 -103.300
     770	 41.642	 16.69167	 -105.300
     771	 41.642	 16.70833	 -107.250
     772	 41.642	 16.72500	 -109.350
     773	 41.642	 16.74167	 -111.600
     774	 41.642	 16.75833	 -114.400
     775	 41.642	 16.77500	 -119.900
     776	 41.642	 16.79167	 -123.650
     777	 41.642	 16.80833	 -127.900
     778	 41.642	 16.82500	 -131.600
     779	 41.642	 16.84167	 -134.700
     780	 41.625	 15.85833	 70.000
     781	 41.625	 15.87500	 53.000
     782	 41.625	 15.89167	 31.000
     783	 41.625	 15.90833	 0.000
     784	 41.625	 15.92500	 -0.558
     785	 41.625	 15.94167	 -8.600
     786	 41.625	 15.95833	 -10.000
     787	 41.625	 15.97500	 -10.000
     788	 41.625	 15.99167	 -10.000
     789	 41.625	 16.00833	 -10.200
     790	 41.625	 16.02500	 -11.300
     791	 41.625	 16.04167	 -12.200
     792	 41.625	 16.05833	 -12.650
     793	 41.625	 16.07500	 -13.150
     794	 41.625	 16.09167	 -13.550
     795	 41.625	 16.10833	 -13.900
     796	 41.625	 16.12500	 -14.200
     797	 41.625	 16.14167	 -14.400
     798	 41.625	 16.15833	 -14.600
     799	 41.625	 16.17500	 -14.800
     800	 41.625	 16.19167	 -15.300
     801	 41.625	 16.20833	 -16.500
     802	 41.625	 16.22500	 -17.850
     803	 41.625	 16.24167	 -19.000
     804	 41.625	 16.25833	 -20.400
     805	 41.625	 16.27500	 -22.600
     806	 41.625	 16.29167	 -24.500
     807	 41.625	 16.30833	 -29.050
     808	 41.625	 16.32500	 -32.100
     809	 41.625	 16.34167	 -36.000
     810	 41.625	 16.35833	 -40.300
     811	 41.625	 16.37500	 -44.800
     812	 41.625	 16.39167	 -49.000
     813	 41.625	 16.40833	 -53.000
     814	 41.625	 16.42500	 -57.950
     815	 41.625	 16.44167	 -62.800
     816	 41.625	 16.45833	 -67.250
     817	 41.625	 16.47500	 -71.450
     818	 41.625	 16.49167	 -76.500
     819	 41.625	 16.50833	 -80.300
     820	 41.625	 16.52500	 -83.150
     821	 41.625	 16.54167	 -85.500
     822	 41.625	 16.55833	 -87.700
     823	 41.625	 16.57500	 -89.300
     824	 41.625	 16.59167	 -90.650
     825	 41.625	 16.60833	 -93.000
     826	 41.625	 16.62500	 -95.450
     827	 41.625	 16.64167	 -98.100
     828	 41.625	 16.65833	 -99.900
     829	 41.625	 16.67500	 -102.150
     830	 41.625	 16.69167	 -104.150
     831	 41.625	 16.70833	 -106.350
     832	 41.625	 16.72500	 -108.500
     833	 41.625	 16.74167	 -110.500
     834	 41.625	 16.75833	 -113.250
     835	 41.625	 16.77500	 -117.150
     836	 41.625	 16.79167	 -121.400
     837	 41.625	 16.80833	 -125.050
     838	 41.625	 16.82500	 -129.000
     839	 41.625	 16.84167	 -132.100
     840	 41.608	 15.85833	 57.000
     841	 41.608	 15.87500	 19.000
     842	 41.608	 15.89167	 5.000
     843	 41.608	 15.90833	 -5.150
     844	 41.608	 15.92500	 -8.900
     845	 41.608	 15.94167	 -10.000
     846	 41.608	 15.95833	 -10.200
     847	 41.608	 15.97500	 -10.200
     848	 41.608	 15.99167	 -10.000
     849	 41.608	 16.00833	 -10.000
     850	 41.608	 16.02500	 -11.500
     851	 41.608	 16.04167	 -13.000
     852	 41.608	 16.05833	 -13.500
     853	 41.608	 16.07500	 -14.000
     854	 41.608	 16.09167	 -14.000
     855	 41.608	 16.10833	 -14.600
     856	 41.608	 16.12500	 -14.800
     857	 41.608	 16.14167	 -15.000
     858	 41.608	 16.15833	 -15.200
     859	 41.608	 16.17500	 -15.450
     860	 41.608	 16.19167	 -16.200
     861	 41.608	 16.20833	 -17.250
     862	 41.608	 16.22500	 -18.350
     863	 41.608	 16.24167	 -19.400
     864	 41.608	 16.25833	 -21.400
     865	 41.608	 16.27500	 -23.300
     866	 41.608	 16.29167	 -25.500
     867	 41.608	 16.30833	 -30.300
     868	 41.608	 16.32500	 -33.000
     869	 41.608	 16.34167	 -36.400
     870	 41.608	 16.35833	 -40.150
     871	 41.608	 16.37500	 -44.300
     872	 41.608	 16.39167	 -48.400
     873	 41.608	 16.40833	 -52.650
     874	 41.608	 16.42500	 -56.850
     875	 41.608	 16.44167	 -62.100
     876	 41.608	 16.45833	 -66.450
     877	 41.608	 16.47500	 -70.900
     878	 41.608	 16.49167	 -75.350
     879	 41.608	 16.50833	 -79.200
     880	 41.608	 16.52500	 -82.350
     881	 41.608	 16.54167	 -85.200
     882	 41.608	 16.55833	 -87.100
     883	 41.608	 16.57500	 -88.600
     884	 41.608	 16.59167	 -89.600
     885	 41.608	 16.60833	 -92.100
     886	 41.608	 16.62500	 -95.300
     887	 41.608	 16.64167	 -97.550
     888	 41.608	 16.65833	 -99.800
     889	 41.608	 16.67500	 -101.600
     890	 41.608	 16.69167	 -103.600
     891	 41.608	 16.70833	 -105.650
     892	 41.608	 16.72500	 -108.050
     893	 41.608	 16.74167	 -110.200
     894	 41.608	 16.75833	 -112.450
     895	 41.608	 16.77500	 -115.200
     896	 41.608	 16.79167	 -119.250
     897	 41.608	 16.80833	 -123.350
     898	 41.608	 16.82500	 -127.100
     899	 41.608	 16.84167	 -130.950
     900	 41.592	 15.85833	 28.000
     901	 41.592	 15.87500	 5.000
     902	 41.592	 15.89167	 1.000
     903	 41.592	 15.90833	 -6.050
     904	 41.592	 15.92500	 -9.150
     905	 41.592	 15.94167	 -10.150
     906	 41.592	 15.95833	 -11.000
     907	 41.592	 15.97500	 -11.000
     908	 41.592	 15.99167	 -11.050
     909	 41.592	 16.00833	 -12.350
     910	 41.592	 16.02500	 -13.200
     911	 41.592	 16.04167	 -13.800
     912	 41.592	 16.05833	 -14.200
     913	 41.592	 16.07500	 -14.000
     914	 41.592	 16.09167	 -14.000
     915	 41.592	 16.10833	 -14.200
     916	 41.592	 16.12500	 -14.750
     917	 41.592	 16.14167	 -15.200
     918	 41.592	 16.15833	 -15.600
     919	 41.592	 16.17500	 -16.200
     920	 41.592	 16.19167	 -17.150
     921	 41.592	 16.20833	 -18.050
     922	 41.592	 16.22500	 -19.100
     923	 41.592	 16.24167	 -20.150
     924	 41.592	 16.25833	 -22.450
     925	 41.592	 16.27500	 -24.400
     926	 41.592	 16.29167	 -27.100
     927	 41.592	 16.30833	 -30.700
     928	 41.592	 16.32500	 -33.500
     929	 41.592	 16.34167	 -36.700
     930	 41.592	 16.35833	 -39.800
     931	 41.592	 16.37500	 -44.000
     932	 41.592	 16.39167	 -48.350
     933	 41.592	 16.40833	 -52.100
     934	 41.592	 16.42500	 -56.000
     935	 41.592	 16.44167	 -61.350
     936	 41.592	 16.45833	 -66.000
     937	 41.592	 16.47500	 -70.300
     938	 41.592	 16.49167	 -74.100
     939	 41.592	 16.50833	 -77.750
     940	 41.592	 16.52500	 -81.200
     941	 41.592	 16.54167	 -85.100
     942	 41.592	 16.55833	 -86.400
     943	 41.592	 16.57500	 -88.200
     944	 41.592	 16.59167	 -90.100
     945	 41.592	 16.60833	 -92.400
     946	 41.592	 16.62500	 -95.000
     947	 41.592	 16.64167	 -97.000
     948	 41.592	 16.65833	 -99.150
     949	 41.592	 16.67500	 -101.200
     950	 41.592	 16.69167	 -103.300
     951	 41.592	 16.70833	 -105.200
     952	 41.592	 16.72500	 -107.500
     953	 41.592	 16.74167	 -109.500
     954	 41.592	 16.75833	 -111.950
     955	 41.592	 16.77500	 -114.150
     956	 41.592	 16.79167	 -117.350
     957	 41.592	 16.80833	 -121.800
     958	 41.592	 16.82500	 -126.400
     959	 41.592	 16.84167	 -130.250
     960	 41.575	 15.85833	 2.000
     961	 41.575	 15.87500	 -1.000
     962	 41.575	 15.89167	 1.000
     963	 41.575	 15.90833	 -6.550
     964	 41.575	 15.92500	 -9.100
     965	 41.575	 15.94167	 -10.450
     966	 41.575	 15.95833	 -11.850
     967	 41.575	 15.97500	 -12.600
     968	 41.575	 15.99167	 -13.250
     969	 41.575	 16.00833	 -13.900
     970	 41.575	 16.02500	 -14.200
     971	 41.575	 16.04167	 -14.400
     972	 41.575	 16.05833	 -14.600
     973	 41.575	 16.07500	 -14.500
     974	 41.575	 16.09167	 -14.000
     975	 41.575	 16.10833	 -14.000
     976	 41.575	 16.12500	 -15.200
     977	 41.575	 16.14167	 -15.600
     978	 41.575	 16.15833	 -16.200
     979	 41.575	 16.17500	 -17.000
     980	 41.575	 16.19167	 -17.850
     981	 41.575	 16.20833	 -18.750
     982	 41.575	 16.22500	 -19.750
     983	 41.575	 16.24167	 -21.450
     984	 41.575	 16.25833	 -23.450
     985	 41.575	 16.27500	 -25.500
     986	 41.575	 16.29167	 -28.000
     987	 41.575	 16.30833	 -31.200
     988	 41.575	 16.32500	 -33.900
     989	 41.575	 16.34167	 -36.850
     990	 41.575	 16.35833	 -39.700
     991	 41.575	 16.37500	 -44.050
     992	 41.575	 16.39167	 -48.100
     993	 41.575	 16.40833	 -51.650
     994	 41.575	 16.42500	 -55.400
     995	 41.575	 16.44167	 -60.750
     996	 41.575	 16.45833	 -65.750
     997	 41.575	 16.47500	 -69.950
     998	 41.575	 16.49167	 -73.500
     999	 41.575	 16.50833	 -76.600
    1000	 41.575	 16.52500	 -79.850
    1001	 41.575	 16.54167	 -83.100
    1002	 41.575	 16.55833	 -85.500
    1003	 41.575	 16.57500	 -87.550
    1004	 41.575	 16.59167	 -90.000
    1005	 41.575	 16.60833	 -92.100
    1006	 41.575	 16.62500	 -94.100
    1007	 41.575	 16.64167	 -96.250
    1008	 41.575	 16.65833	 -98.700
    1009	 41.575	 16.67500	 -101.100
    1010	 41.575	 16.69167	 -103.100
    1011	 41.575	 16.70833	 -104.900
    1012	 41.575	 16.72500	 -107.000
    1013	 41.575	 16.74167	 -109.100
    1014	 41.575	 16.75833	 -111.150
    1015	 41.575	 16.77500	 -113.300
    1016	 41.575	 16.79167	 -115.500
    1017	 41.575	 16.80833	 -121.050
    1018	 41.575	 16.82500	 -125.300
    1019	 41.575	 16.84167	 -129.350
    1020	 41.558	 15.85833	 -2.000
    1021	 41.558	 15.87500	 0.000
    1022	 41.558	 15.89167	 0.000
    1023	 41.558	 15.90833	 -4.750
    1024	 41.558	 15.92500	 -8.200
    1025	 41.558	 15.94167	 -10.400
    1026	 41.558	 15.95833	 -11.300
    1027	 41.558	 15.97500	 -13.200
    1028	 41.558	 15.99167	 -13.950
    1029	 41.558	 16.00833	 -14.950
    1030	 41.558	 16.02500	 -15.000
    1031	 41.558	 16.04167	 -15.000
    1032	 41.558	 16.05833	 -15.200
    1033	 41.558	 16.07500	 -15.200
    1034	 41.558	 16.09167	 -15.250
    1035	 41.558	 16.10833	 -15.400
    1036	 41.558	 16.12500	 -15.650
    1037	 41.558	 16.14167	 -16.200
    1038	 41.558	 16.15833	 -16.800
    1039	 41.558	 16.17500	 -17.550
    1040	 41.558	 16.19167	 -18.400
    1041	 41.558	 16.20833	 -19.450
    1042	 41.558	 16.22500	 -20.700
    1043	 41.558	 16.24167	 -22.400
    1044	 41.558	 16.25833	 -24.450
    1045	 41.558	 16.27500	 -26.350
    1046	 41.558	 16.29167	 -28.550
    1047	 41.558	 16.30833	 -31.500
    1048	 41.558	 16.32500	 -34.100
    1049	 41.558	 16.34167	 -37.100
    1050	 41.558	 16.35833	 -40.100
    1051	 41.558	 16.37500	 -45.100
    1052	 41.558	 16.39167	 -48.000
    1053	 41.558	 16.40833	 -51.300
    1054	 41.558	 16.42500	 -55.300
    1055	 41.558	 16.44167	 -60.550
    1056	 41.558	 16.45833	 -64.650
    1057	 41.558	 16.47500	 -69.150
    1058	 41.558	 16.49167	 -72.900
    1059	 41.558	 16.50833	 -76.000
    1060	 41.558	 16.52500	 -78.550
    1061	 41.558	 16.54167	 -81.100
    1062	 41.558	 16.55833	 -83.900
    1063	 41.558	 16.57500	 -86.700
    1064	 41.558	 16.59167	 -89.850
    1065	 41.558	 16.60833	 -91.700
    1066	 41.558	 16.62500	 -93.500
    1067	 41.558	 16.64167	 -95.650
    1068	 41.558	 16.65833	 -98.850
    1069	 41.558	 16.67500	 -100.900
    1070	 41.558	 16.69167	 -102.700
    1071	 41.558	 16.70833	 -104.550
    1072	 41.558	 16.72500	 -106.800
    1073	 41.558	 16.74167	 -108.700
    1074	 41.558	 16.75833	 -110.600
    1075	 41.558	 16.77500	 -112.700
    1076	 41.558	 16.79167	 -114.900
    1077	 41.558	 16.80833	 -119.200
    1078	 41.558	 16.82500	 -122.750
    1079	 41.558	 16.84167	 -127.200
    1080	 41.542	 15.85833	 0.000
    1081	 41.542	 15.87500	 -1.000
    1082	 41.542	 15.89167	 -1.000
    1083	 41.542	 15.90833	 -4.000
    1084	 41.542	 15.92500	 -8.650
    1085	 41.542	 15.94167	 -10.100
    1086	 41.542	 15.95833	 -11.350
    1087	 41.542	 15.97500	 -13.250
    1088	 41.542	 15.99167	 -14.400
    1089	 41.542	 16.00833	 -15.000
    1090	 41.542	 16.02500	 -15.000
    1091	 41.542	 16.04167	 -15.150
    1092	 41.542	 16.05833	 -15.200
    1093	 41.542	 16.07500	 -15.400
    1094	 41.542	 16.09167	 -15.600
    1095	 41.542	 16.10833	 -15.800
    1096	 41.542	 16.12500	 -16.200
    1097	 41.542	 16.14167	 -16.600
    1098	 41.542	 16.15833	 -17.400
    1099	 41.542	 16.17500	 -18.100
    1100	 41.542	 16.19167	 -19.000
    1101	 41.542	 16.20833	 -19.900
    1102	 41.542	 16.22500	 -21.500
    1103	 41.542	 16.24167	 -23.100
    1104	 41.542	 16.25833	 -25.100
    1105	 41.542	 16.27500	 -26.900
    1106	 41.542	 16.29167	 -29.300
    1107	 41.542	 16.30833	 -31.900
    1108	 41.542	 16.32500	 -34.500
    1109	 41.542	 16.34167	 -37.350
    1110	 41.542	 16.35833	 -40.800
    1111	 41.542	 16.37500	 -45.150
    1112	 41.542	 16.39167	 -47.900
    1113	 41.542	 16.40833	 -51.300
    1114	 41.542	 16.42500	 -55.250
    1115	 41.542	 16.44167	 -59.800
    1116	 41.542	 16.45833	 -63.800
    1117	 41.542	 16.47500	 -67.800
    1118	 41.542	 16.49167	 -71.750
    1119	 41.542	 16.50833	 -75.300
    1120	 41.542	 16.52500	 -77.700
    1121	 41.542	 16.54167	 -80.100
    1122	 41.542	 16.55833	 -82.700
    1123	 41.542	 16.57500	 -85.800
    1124	 41.542	 16.59167	 -88.600
    1125	 41.542	 16.60833	 -91.100
    1126	 41.542	 16.62500	 -93.050
    1127	 41.542	 16.64167	 -95.450
    1128	 41.542	 16.65833	 -98.100
    1129	 41.542	 16.67500	 -100.350
    1130	 41.542	 16.69167	 -102.200
    1131	 41.542	 16.70833	 -104.200
    1132	 41.542	 16.72500	 -106.300
    1133	 41.542	 16.74167	 -108.100
    1134	 41.542	 16.75833	 -109.600
    1135	 41.542	 16.77500	 -112.050
    1136	 41.542	 16.79167	 -115.100
    1137	 41.542	 16.80833	 -117.600
    1138	 41.542	 16.82500	 -119.800
    1139	 41.542	 16.84167	 -124.150
    1140	 41.525	 15.85833	 2.000
    1141	 41.525	 15.87500	 0.000
    1142	 41.525	 15.89167	 -1.000
    1143	 41.525	 15.90833	 0.000
    1144	 41.525	 15.92500	 -5.050
    1145	 41.525	 15.94167	 -8.300
    1146	 41.525	 15.95833	 -10.400
    1147	 41.525	 15.97500	 -11.450
    1148	 41.525	 15.99167	 -14.200
    1149	 41.525	 16.00833	 -15.000
    1150	 41.525	 16.02500	 -15.150
    1151	 41.525	 16.04167	 -15.200
    1152	 41.525	 16.05833	 -15.400
    1153	 41.525	 16.07500	 -15.600
    1154	 41.525	 16.09167	 -15.800
    1155	 41.525	 16.10833	 -16.000
    1156	 41.525	 16.12500	 -16.400
    1157	 41.525	 16.14167	 -17.000
    1158	 41.525	 16.15833	 -17.650
    1159	 41.525	 16.17500	 -18.400
    1160	 41.525	 16.19167	 -19.200
    1161	 41.525	 16.20833	 -20.250
    1162	 41.525	 16.22500	 -21.850
    1163	 41.525	 16.24167	 -23.350
    1164	 41.525	 16.25833	 -25.200
    1165	 41.525	 16.27500	 -27.200
    1166	 41.525	 16.29167	 -29.700
    1167	 41.525	 16.30833	 -32.100
    1168	 41.525	 16.32500	 -34.700
    1169	 41.525	 16.34167	 -37.550
    1170	 41.525	 16.35833	 -41.100
    1171	 41.525	 16.37500	 -44.650
    1172	 41.525	 16.39167	 -47.500
    1173	 41.525	 16.40833	 -50.900
    1174	 41.525	 16.42500	 -55.500
    1175	 41.525	 16.44167	 -59.200
    1176	 41.525	 16.45833	 -63.100
    1177	 41.525	 16.47500	 -66.800
    1178	 41.525	 16.49167	 -71.200
    1179	 41.525	 16.50833	 -74.300
    1180	 41.525	 16.52500	 -76.900
    1181	 41.525	 16.54167	 -79.300
    1182	 41.525	 16.55833	 -82.250
    1183	 41.525	 16.57500	 -84.800
    1184	 41.525	 16.59167	 -87.650
    1185	 41.525	 16.60833	 -90.450
    1186	 41.525	 16.62500	 -92.400
    1187	 41.525	 16.64167	 -94.900
    1188	 41.525	 16.65833	 -97.100
    1189	 41.525	 16.67500	 -99.250
    1190	 41.525	 16.69167	 -101.450
    1191	 41.525	 16.70833	 -104.050
    1192	 41.525	 16.72500	 -106.100
    1193	 41.525	 16.74167	 -107.650
    1194	 41.525	 16.75833	 -109.300
    1195	 41.525	 16.77500	 -111.750
    1196	 41.525	 16.79167	 -114.150
    1197	 41.525	 16.80833	 -116.500
    1198	 41.525	 16.82500	 -118.700
    1199	 41.525	 16.84167	 -122.650
    1200	 41.508	 15.85833	 2.000
    1201	 41.508	 15.87500	 1.000
    1202	 41.508	 15.89167	 0.000
    1203	 41.508	 15.90833	 0.000
    1204	 41.508	 15.92500	 -1.850
    1205	 41.508	 15.94167	 -6.100
    1206	 41.508	 15.95833	 -8.000
    1207	 41.508	 15.97500	 -8.750
    1208	 41.508	 15.99167	 -11.950
    1209	 41.508	 16.00833	 -14.250
    1210	 41.508	 16.02500	 -15.200
    1211	 41.508	 16.04167	 -15.200
    1212	 41.508	 16.05833	 -15.400
    1213	 41.508	 16.07500	 -15.600
    1214	 41.508	 16.09167	 -15.650
    1215	 41.508	 16.10833	 -16.000
    1216	 41.508	 16.12500	 -16.500
    1217	 41.508	 16.14167	 -17.200
    1218	 41.508	 16.15833	 -18.000
    1219	 41.508	 16.17500	 -18.800
    1220	 41.508	 16.19167	 -19.600
    1221	 41.508	 16.20833	 -20.600
    1222	 41.508	 16.22500	 -22.000
    1223	 41.508	 16.24167	 -23.400
    1224	 41.508	 16.25833	 -25.100
    1225	 41.508	 16.27500	 -27.500
    1226	 41.508	 16.29167	 -29.900
    1227	 41.508	 16.30833	 -32.100
    1228	 41.508	 16.32500	 -34.500
    1229	 41.508	 16.34167	 -37.600
    1230	 41.508	 16.35833	 -40.500
    1231	 41.508	 16.37500	 -43.600
    1232	 41.508	 16.39167	 -46.550
    1233	 41.508	 16.40833	 -50.700
    1234	 41.508	 16.42500	 -54.750
    1235	 41.508	 16.44167	 -58.100
    1236	 41.508	 16.45833	 -61.950
    1237	 41.508	 16.47500	 -65.850
    1238	 41.508	 16.49167	 -69.950
    1239	 41.508	 16.50833	 -73.050
    1240	 41.508	 16.52500	 -76.050
    1241	 41.508	 16.54167	 -78.650
    1242	 41.508	 16.55833	 -81.500
    1243	 41.508	 16.57500	 -84.500
    1244	 41.508	 16.59167	 -86.900
    1245	 41.508	 16.60833	 -89.400
    1246	 41.508	 16.62500	 -91.700
    1247	 41.508	 16.64167	 -93.800
    1248	 41.508	 16.65833	 -95.900
    1249	 41.508	 16.67500	 -98.250
    1250	 41.508	 16.69167	 -100.950
    1251	 41.508	 16.70833	 -103.400
    1252	 41.508	 16.72500	 -105.650
    1253	 41.508	 16.74167	 -107.200
    1254	 41.508	 16.75833	 -109.200
    1255	 41.508	 16.77500	 -111.200
    1256	 41.508	 16.79167	 -113.250
    1257	 41.508	 16.80833	 -115.350
    1258	 41.508	 16.82500	 -117.850
    1259	 41.508	 16.84167	 -121.200
    1260	 41.492	 15.85833	 3.000
    1261	 41.492	 15.87500	 0.000
    1262	 41.492	 15.89167	 -1.000
    1263	 41.492	 15.90833	 -1.000
    1264	 41.492	 15.92500	 -1.000
    1265	 41.492	 15.94167	 -6.250
    1266	 41.492	 15.95833	 -9.900
    1267	 41.492	 15.97500	 -10.100
    1268	 41.492	 15.99167	 -10.200
    1269	 41.492	 16.00833	 -11.800
    1270	 41.492	 16.02500	 -14.450
    1271	 41.492	 16.04167	 -15.000
    1272	 41.492	 16.05833	 -15.200
    1273	 41.492	 16.07500	 -15.200
    1274	 41.492	 16.09167	 -15.400
    1275	 41.492	 16.10833	 -15.800
    1276	 41.492	 16.12500	 -16.450
    1277	 41.492	 16.14167	 -17.200
    1278	 41.492	 16.15833	 -18.200
    1279	 41.492	 16.17500	 -19.150
    1280	 41.492	 16.19167	 -20.000
    1281	 41.492	 16.20833	 -20.900
    1282	 41.492	 16.22500	 -22.000
    1283	 41.492	 16.24167	 -23.200
    1284	 41.492	 16.25833	 -24.950
    1285	 41.492	 16.27500	 -27.100
    1286	 41.492	 16.29167	 -29.500
    1287	 41.492	 16.30833	 -31.650
    1288	 41.492	 16.32500	 -33.800
    1289	 41.492	 16.34167	 -36.750
    1290	 41.492	 16.35833	 -39.750
    1291	 41.492	 16.37500	 -42.500
    1292	 41.492	 16.39167	 -45.200
    1293	 41.492	 16.40833	 -50.100
    1294	 41.492	 16.42500	 -53.300
    1295	 41.492	 16.44167	 -56.700
    1296	 41.492	 16.45833	 -60.800
    1297	 41.492	 16.47500	 -64.600
    1298	 41.492	 16.49167	 -68.450
    1299	 41.492	 16.50833	 -71.750
    1300	 41.492	 16.52500	 -74.950
    1301	 41.492	 16.54167	 -78.250
    1302	 41.492	 16.55833	 -80.900
    1303	 41.492	 16.57500	 -83.750
    1304	 41.492	 16.59167	 -86.150
    1305	 41.492	 16.60833	 -88.700
    1306	 41.492	 16.62500	 -90.700
    1307	 41.492	 16.64167	 -93.050
    1308	 41.492	 16.65833	 -95.100
    1309	 41.492	 16.67500	 -97.800
    1310	 41.492	 16.69167	 -100.150
    1311	 41.492	 16.70833	 -102.500
    1312	 41.492	 16.72500	 -105.050
    1313	 41.492	 16.74167	 -106.800
    1314	 41.492	 16.75833	 -108.750
    1315	 41.492	 16.77500	 -110.600
    1316	 41.492	 16.79167	 -112.300
    1317	 41.492	 16.80833	 -114.000
    1318	 41.492	 16.82500	 -116.300
    1319	 41.492	 16.84167	 -119.850
    1320	 41.475	 15.85833	 2.000
    1321	 41.475	 15.87500	 0.000
    1322	 41.475	 15.89167	 1.000
    1323	 41.475	 15.90833	 1.000
    1324	 41.475	 15.92500	 -1.000
    1325	 41.475	 15.94167	 1.000
    1326	 41.475	 15.95833	 -9.100
    1327	 41.475	 15.97500	 -11.000
    1328	 41.475	 15.99167	 -10.000
    1329	 41.475	 16.00833	 -10.950
    1330	 41.475	 16.02500	 -13.450
    1331	 41.475	 16.04167	 -12.900
    1332	 41.475	 16.05833	 -13.800
    1333	 41.475	 16.07500	 -14.400
    1334	 41.475	 16.09167	 -14.850
    1335	 41.475	 16.10833	 -15.400
    1336	 41.475	 16.12500	 -16.200
    1337	 41.475	 16.14167	 -17.100
    1338	 41.475	 16.15833	 -18.150
    1339	 41.475	 16.17500	 -19.550
    1340	 41.475	 16.19167	 -20.400
    1341	 41.475	 16.20833	 -21.000
    1342	 41.475	 16.22500	 -21.900
    1343	 41.475	 16.24167	 -23.000
    1344	 41.475	 16.25833	 -24.400
    1345	 41.475	 16.27500	 -26.200
    1346	 41.475	 16.29167	 -28.500
    1347	 41.475	 16.30833	 -30.900
    1348	 41.475	 16.32500	 -33.100
    1349	 41.475	 16.34167	 -35.450
    1350	 41.475	 16.35833	 -38.500
    1351	 41.475	 16.37500	 -41.600
    1352	 41.475	 16.39167	 -44.800
    1353	 41.475	 16.40833	 -48.500
    1354	 41.475	 16.42500	 -51.900
    1355	 41.475	 16.44167	 -55.100
    1356	 41.475	 16.45833	 -59.750
    1357	 41.475	 16.47500	 -63.150
    1358	 41.475	 16.49167	 -66.750
    1359	 41.475	 16.50833	 -70.050
    1360	 41.475	 16.52500	 -74.000
    1361	 41.475	 16.54167	 -77.400
    1362	 41.475	 16.55833	 -80.300
    1363	 41.475	 16.57500	 -82.900
    1364	 41.475	 16.59167	 -85.200
    1365	 41.475	 16.60833	 -88.100
    1366	 41.475	 16.62500	 -90.300
    1367	 41.475	 16.64167	 -92.400
    1368	 41.475	 16.65833	 -94.700
    1369	 41.475	 16.67500	 -97.250
    1370	 41.475	 16.69167	 -99.500
    1371	 41.475	 16.70833	 -101.700
    1372	 41.475	 16.72500	 -104.100
    1373	 41.475	 16.74167	 -106.200
    1374	 41.475	 16.75833	 -108.000
    1375	 41.475	 16.77500	 -109.900
    1376	 41.475	 16.79167	 -111.500
    1377	 41.475	 16.80833	 -113.300
    1378	 41.475	 16.82500	 -114.900
    1379	 41.475	 16.84167	 -118.300
    1380	 41.458	 15.85833	 4.000
    1381	 41.458	 15.87500	 2.000
    1382	 41.458	 15.89167	 2.000
    1383	 41.458	 15.90833	 1.000
    1384	 41.458	 15.92500	 -1.000
    1385	 41.458	 15.94167	 -2.000
    1386	 41.458	 15.95833	 2.000
    1387	 41.458	 15.97500	 -9.100
    1388	 41.458	 15.99167	 -10.000
    1389	 41.458	 16.00833	 -10.050
    1390	 41.458	 16.02500	 -10.750
    1391	 41.458	 16.04167	 -11.300
    1392	 41.458	 16.05833	 -11.150
    1393	 41.458	 16.07500	 -12.750
    1394	 41.458	 16.09167	 -13.700
    1395	 41.458	 16.10833	 -14.800
    1396	 41.458	 16.12500	 -15.600
    1397	 41.458	 16.14167	 -16.600
    1398	 41.458	 16.15833	 -17.650
    1399	 41.458	 16.17500	 -19.100
    1400	 41.458	 16.19167	 -20.200
    1401	 41.458	 16.20833	 -20.650
    1402	 41.458	 16.22500	 -21.500
    1403	 41.458	 16.24167	 -22.600
    1404	 41.458	 16.25833	 -23.800
    1405	 41.458	 16.27500	 -25.050
    1406	 41.458	 16.29167	 -27.100
    1407	 41.458	 16.30833	 -29.900
    1408	 41.458	 16.32500	 -31.800
    1409	 41.458	 16.34167	 -34.250
    1410	 41.458	 16.35833	 -37.100
    1411	 41.458	 16.37500	 -40.650
    1412	 41.458	 16.39167	 -43.950
    1413	 41.458	 16.40833	 -47.100
    1414	 41.458	 16.42500	 -50.300
    1415	 41.458	 16.44167	 -53.450
    1416	 41.458	 16.45833	 -57.900
    1417	 41.458	 16.47500	 -61.600
    1418	 41.458	 16.49167	 -65.300
    1419	 41.458	 16.50833	 -68.650
    1420	 41.458	 16.52500	 -72.850
    1421	 41.458	 16.54167	 -76.200
    1422	 41.458	 16.55833	 -79.300
    1423	 41.458	 16.57500	 -82.100
    1424	 41.458	 16.59167	 -84.900
    1425	 41.458	 16.60833	 -87.900
    1426	 41.458	 16.62500	 -89.700
    1427	 41.458	 16.64167	 -91.550
    1428	 41.458	 16.65833	 -94.700
    1429	 41.458	 16.67500	 -96.600
    1430	 41.458	 16.69167	 -98.800
    1431	 41.458	 16.70833	 -100.950
    1432	 41.458	 16.72500	 -103.400
    1433	 41.458	 16.74167	 -105.400
    1434	 41.458	 16.75833	 -107.150
    1435	 41.458	 16.77500	 -108.900
    1436	 41.458	 16.79167	 -110.700
    1437	 41.458	 16.80833	 -112.350
    1438	 41.458	 16.82500	 -114.150
    1439	 41.458	 16.84167	 -116.750
    1440	 41.442	 15.85833	 6.000
    1441	 41.442	 15.87500	 7.000
    1442	 41.442	 15.89167	 4.000
    1443	 41.442	 15.90833	 1.000
    1444	 41.442	 15.92500	 -1.000
    1445	 41.442	 15.94167	 -1.000
    1446	 41.442	 15.95833	 -1.000
    1447	 41.442	 15.97500	 0.000
    1448	 41.442	 15.99167	 -1.000
    1449	 41.442	 16.00833	 -5.650
    1450	 41.442	 16.02500	 -9.250
    1451	 41.442	 16.04167	 -10.200
    1452	 41.442	 16.05833	 -11.000
    1453	 41.442	 16.07500	 -11.050
    1454	 41.442	 16.09167	 -13.100
    1455	 41.442	 16.10833	 -14.000
    1456	 41.442	 16.12500	 -14.800
    1457	 41.442	 16.14167	 -16.000
    1458	 41.442	 16.15833	 -16.950
    1459	 41.442	 16.17500	 -18.150
    1460	 41.442	 16.19167	 -19.200
    1461	 41.442	 16.20833	 -20.200
    1462	 41.442	 16.22500	 -21.050
    1463	 41.442	 16.24167	 -22.050
    1464	 41.442	 16.25833	 -23.100
    1465	 41.442	 16.27500	 -24.200
    1466	 41.442	 16.29167	 -25.700
    1467	 41.442	 16.30833	 -28.350
    1468	 41.442	 16.32500	 -30.350
    1469	 41.442	 16.34167	 -32.600
    1470	 41.442	 16.35833	 -35.100
    1471	 41.442	 16.37500	 -39.350
    1472	 41.442	 16.39167	 -42.300
    1473	 41.442	 16.40833	 -45.600
    1474	 41.442	 16.42500	 -48.850
    1475	 41.442	 16.44167	 -52.450
    1476	 41.442	 16.45833	 -56.100
    1477	 41.442	 16.47500	 -60.150
    1478	 41.442	 16.49167	 -63.400
    1479	 41.442	 16.50833	 -67.200
    1480	 41.442	 16.52500	 -71.150
    1481	 41.442	 16.54167	 -74.700
    1482	 41.442	 16.55833	 -77.800
    1483	 41.442	 16.57500	 -80.900
    1484	 41.442	 16.59167	 -83.900
    1485	 41.442	 16.60833	 -86.600
    1486	 41.442	 16.62500	 -88.700
    1487	 41.442	 16.64167	 -90.700
    1488	 41.442	 16.65833	 -93.400
    1489	 41.442	 16.67500	 -95.650
    1490	 41.442	 16.69167	 -97.900
    1491	 41.442	 16.70833	 -100.300
    1492	 41.442	 16.72500	 -102.300
    1493	 41.442	 16.74167	 -104.250
    1494	 41.442	 16.75833	 -106.000
    1495	 41.442	 16.77500	 -107.950
    1496	 41.442	 16.79167	 -109.700
    1497	 41.442	 16.80833	 -111.500
    1498	 41.442	 16.82500	 -113.150
    1499	 41.442	 16.84167	 -114.950
    1500	 41.425	 15.85833	 8.000
    1501	 41.425	 15.87500	 5.000
    1502	 41.425	 15.89167	 3.000
    1503	 41.425	 15.90833	 1.000
    1504	 41.425	 15.92500	 2.000
    1505	 41.425	 15.94167	 2.000
    1506	 41.425	 15.95833	 1.000
    1507	 41.425	 15.97500	 -2.000
    1508	 41.425	 15.99167	 -2.000
    1509	 41.425	 16.00833	 -2.000
    1510	 41.425	 16.02500	 0.000
    1511	 41.425	 16.04167	 -3.648
    1512	 41.425	 16.05833	 -8.550
    1513	 41.425	 16.07500	 -9.300
    1514	 41.425	 16.09167	 -10.000
    1515	 41.425	 16.10833	 -11.400
    1516	 41.425	 16.12500	 -12.450
    1517	 41.425	 16.14167	 -14.600
    1518	 41.425	 16.15833	 -15.950
    1519	 41.425	 16.17500	 -17.050
    1520	 41.425	 16.19167	 -18.450
    1521	 41.425	 16.20833	 -20.000
    1522	 41.425	 16.22500	 -20.600
    1523	 41.425	 16.24167	 -21.200
    1524	 41.425	 16.25833	 -22.200
    1525	 41.425	 16.27500	 -23.200
    1526	 41.425	 16.29167	 -24.800
    1527	 41.425	 16.30833	 -26.450
    1528	 41.425	 16.32500	 -28.250
    1529	 41.425	 16.34167	 -30.500
    1530	 41.425	 16.35833	 -33.250
    1531	 41.425	 16.37500	 -36.750
    1532	 41.425	 16.39167	 -40.400
    1533	 41.425	 16.40833	 -43.400
    1534	 41.425	 16.42500	 -47.100
    1535	 41.425	 16.44167	 -50.550
    1536	 41.425	 16.45833	 -54.000
    1537	 41.425	 16.47500	 -57.900
    1538	 41.425	 16.49167	 -62.100
    1539	 41.425	 16.50833	 -65.200
    1540	 41.425	 16.52500	 -69.200
    1541	 41.425	 16.54167	 -72.750
    1542	 41.425	 16.55833	 -76.100
    1543	 41.425	 16.57500	 -78.700
    1544	 41.425	 16.59167	 -81.800
    1545	 41.425	 16.60833	 -84.750
    1546	 41.425	 16.62500	 -87.850
    1547	 41.425	 16.64167	 -90.000
    1548	 41.425	 16.65833	 -92.150
    1549	 41.425	 16.67500	 -94.250
    1550	 41.425	 16.69167	 -96.600
    1551	 41.425	 16.70833	 -98.950
    1552	 41.425	 16.72500	 -101.050
    1553	 41.425	 16.74167	 -102.950
    1554	 41.425	 16.75833	 -105.000
    1555	 41.425	 16.77500	 -106.900
    1556	 41.425	 16.79167	 -108.550
    1557	 41.425	 16.80833	 -110.450
    1558	 41.425	 16.82500	 -112.200
    1559	 41.425	 16.84167	 -113.850
    1560	 41.408	 15.85833	 9.000
    1561	 41.408	 15.87500	 7.000
    1562	 41.408	 15.89167	 5.000
    1563	 41.408	 15.90833	 3.000
    1564	 41.408	 15.92500	 1.000
    1565	 41.408	 15.94167	 3.000
    1566	 41.408	 15.95833	 0.000
    1567	 41.408	 15.97500	 0.000
    1568	 41.408	 15.99167	 -2.000
    1569	 41.408	 16.00833	 -2.000
    1570	 41.408	 16.02500	 -2.000
    1571	 41.408	 16.04167	 -2.000
    1572	 41.408	 16.05833	 -2.000
    1573	 41.408	 16.07500	 0.000
    1574	 41.408	 16.09167	 -8.000
    1575	 41.408	 16.10833	 -9.100
    1576	 41.408	 16.12500	 -10.400
    1577	 41.408	 16.14167	 -11.650
    1578	 41.408	 16.15833	 -14.250
    1579	 41.408	 16.17500	 -15.550
    1580	 41.408	 16.19167	 -16.650
    1581	 41.408	 16.20833	 -18.050
    1582	 41.408	 16.22500	 -19.100
    1583	 41.408	 16.24167	 -20.150
    1584	 41.408	 16.25833	 -21.150
    1585	 41.408	 16.27500	 -22.200
    1586	 41.408	 16.29167	 -23.450
    1587	 41.408	 16.30833	 -24.650
    1588	 41.408	 16.32500	 -26.050
    1589	 41.408	 16.34167	 -28.150
    1590	 41.408	 16.35833	 -30.800
    1591	 41.408	 16.37500	 -33.650
    1592	 41.408	 16.39167	 -37.450
    1593	 41.408	 16.40833	 -41.350
    1594	 41.408	 16.42500	 -45.200
    1595	 41.408	 16.44167	 -48.400
    1596	 41.408	 16.45833	 -52.050
    1597	 41.408	 16.47500	 -55.950
    1598	 41.408	 16.49167	 -60.200
    1599	 41.408	 16.50833	 -63.200
    1600	 41.408	 16.52500	 -66.800
    1601	 41.408	 16.54167	 -70.400
    1602	 41.408	 16.55833	 -74.050
    1603	 41.408	 16.57500	 -77.200
    1604	 41.408	 16.59167	 -80.100
    1605	 41.408	 16.60833	 -83.250
    1606	 41.408	 16.62500	 -86.850
    1607	 41.408	 16.64167	 -89.050
    1608	 41.408	 16.65833	 -90.900
    1609	 41.408	 16.67500	 -93.100
    1610	 41.408	 16.69167	 -95.650
    1611	 41.408	 16.70833	 -97.700
    1612	 41.408	 16.72500	 -99.700
    1613	 41.408	 16.74167	 -101.650
    1614	 41.408	 16.75833	 -103.900
    1615	 41.408	 16.77500	 -105.700
    1616	 41.408	 16.79167	 -107.550
    1617	 41.408	 16.80833	 -109.600
    1618	 41.408	 16.82500	 -111.300
    1619	 41.408	 16.84167	 -112.850
    1620	 41.392	 15.85833	 14.000
    1621	 41.392	 15.87500	 10.000
    1622	 41.392	 15.89167	 7.000
    1623	 41.392	 15.90833	 3.000
    1624	 41.392	 15.92500	 4.000
    1625	 41.392	 15.94167	 2.000
    1626	 41.392	 15.95833	 4.000
    1627	 41.392	 15.97500	 10.000
    1628	 41.392	 15.99167	 7.000
    1629	 41.392	 16.00833	 3.000
    1630	 41.392	 16.02500	 -1.000
    1631	 41.392	 16.04167	 -2.000
    1632	 41.392	 16.05833	 -1.000
    1633	 41.392	 16.07500	 -1.000
    1634	 41.392	 16.09167	 -1.000
    1635	 41.392	 16.10833	 0.000
    1636	 41.392	 16.12500	 -2.000
    1637	 41.392	 16.14167	 -9.300
    1638	 41.392	 16.15833	 -11.150
    1639	 41.392	 16.17500	 -12.600
    1640	 41.392	 16.19167	 -13.900
    1641	 41.392	 16.20833	 -15.300
    1642	 41.392	 16.22500	 -16.600
    1643	 41.392	 16.24167	 -17.950
    1644	 41.392	 16.25833	 -19.600
    1645	 41.392	 16.27500	 -20.700
    1646	 41.392	 16.29167	 -21.650
    1647	 41.392	 16.30833	 -22.750
    1648	 41.392	 16.32500	 -23.850
    1649	 41.392	 16.34167	 -25.700
    1650	 41.392	 16.35833	 -27.500
    1651	 41.392	 16.37500	 -30.800
    1652	 41.392	 16.39167	 -34.050
    1653	 41.392	 16.40833	 -38.950
    1654	 41.392	 16.42500	 -42.200
    1655	 41.392	 16.44167	 -45.200
    1656	 41.392	 16.45833	 -48.800
    1657	 41.392	 16.47500	 -53.250
    1658	 41.392	 16.49167	 -57.250
    1659	 41.392	 16.50833	 -60.600
    1660	 41.392	 16.52500	 -64.000
    1661	 41.392	 16.54167	 -67.800
    1662	 41.392	 16.55833	 -71.200
    1663	 41.392	 16.57500	 -75.100
    1664	 41.392	 16.59167	 -77.900
    1665	 41.392	 16.60833	 -81.350
    1666	 41.392	 16.62500	 -84.700
    1667	 41.392	 16.64167	 -87.850
    1668	 41.392	 16.65833	 -89.850
    1669	 41.392	 16.67500	 -92.000
    1670	 41.392	 16.69167	 -94.400
    1671	 41.392	 16.70833	 -96.500
    1672	 41.392	 16.72500	 -98.650
    1673	 41.392	 16.74167	 -100.800
    1674	 41.392	 16.75833	 -102.850
    1675	 41.392	 16.77500	 -104.800
    1676	 41.392	 16.79167	 -106.600
    1677	 41.392	 16.80833	 -108.800
    1678	 41.392	 16.82500	 -110.400
    1679	 41.392	 16.84167	 -111.850
    1680	 41.375	 15.85833	 27.000
    1681	 41.375	 15.87500	 26.000
    1682	 41.375	 15.89167	 16.000
    1683	 41.375	 15.90833	 14.000
    1684	 41.375	 15.92500	 14.000
    1685	 41.375	 15.94167	 11.000
    1686	 41.375	 15.95833	 14.000
    1687	 41.375	 15.97500	 19.000
    1688	 41.375	 15.99167	 12.000
    1689	 41.375	 16.00833	 12.000
    1690	 41.375	 16.02500	 2.000
    1691	 41.375	 16.04167	 2.000
    1692	 41.375	 16.05833	 -2.000
    1693	 41.375	 16.07500	 0.000
    1694	 41.375	 16.09167	 0.000
    1695	 41.375	 16.10833	 0.000
    1696	 41.375	 16.12500	 -2.000
    1697	 41.375	 16.14167	 -2.000
    1698	 41.375	 16.15833	 2.000
    1699	 41.375	 16.17500	 -8.500
    1700	 41.375	 16.19167	 -9.100
    1701	 41.375	 16.20833	 -9.850
    1702	 41.375	 16.22500	 -12.100
    1703	 41.375	 16.24167	 -15.000
    1704	 41.375	 16.25833	 -16.500
    1705	 41.375	 16.27500	 -18.250
    1706	 41.375	 16.29167	 -19.600
    1707	 41.375	 16.30833	 -21.050
    1708	 41.375	 16.32500	 -22.100
    1709	 41.375	 16.34167	 -23.250
    1710	 41.375	 16.35833	 -24.450
    1711	 41.375	 16.37500	 -27.600
    1712	 41.375	 16.39167	 -31.100
    1713	 41.375	 16.40833	 -34.850
    1714	 41.375	 16.42500	 -38.850
    1715	 41.375	 16.44167	 -42.050
    1716	 41.375	 16.45833	 -45.300
    1717	 41.375	 16.47500	 -49.400
    1718	 41.375	 16.49167	 -54.150
    1719	 41.375	 16.50833	 -57.400
    1720	 41.375	 16.52500	 -60.900
    1721	 41.375	 16.54167	 -64.200
    1722	 41.375	 16.55833	 -67.950
    1723	 41.375	 16.57500	 -72.250
    1724	 41.375	 16.59167	 -76.100
    1725	 41.375	 16.60833	 -79.200
    1726	 41.375	 16.62500	 -82.200
    1727	 41.375	 16.64167	 -86.050
    1728	 41.375	 16.65833	 -88.500
    1729	 41.375	 16.67500	 -90.600
    1730	 41.375	 16.69167	 -93.500
    1731	 41.375	 16.70833	 -95.900
    1732	 41.375	 16.72500	 -98.000
    1733	 41.375	 16.74167	 -100.050
    1734	 41.375	 16.75833	 -101.900
    1735	 41.375	 16.77500	 -103.800
    1736	 41.375	 16.79167	 -105.850
    1737	 41.375	 16.80833	 -107.800
    1738	 41.375	 16.82500	 -109.400
    1739	 41.375	 16.84167	 -111.100
    1740	 41.358	 15.85833	 40.000
    1741	 41.358	 15.87500	 33.000
    1742	 41.358	 15.89167	 41.000
    1743	 41.358	 15.90833	 36.000
    1744	 41.358	 15.92500	 26.000
    1745	 41.358	 15.94167	 22.000
    1746	 41.358	 15.95833	 21.000
    1747	 41.358	 15.97500	 19.000
    1748	 41.358	 15.99167	 23.000
    1749	 41.358	 16.00833	 22.000
    1750	 41.358	 16.02500	 16.000
    1751	 41.358	 16.04167	 6.000
    1752	 41.358	 16.05833	 3.000
    1753	 41.358	 16.07500	 2.000
    1754	 41.358	 16.09167	 8.000
    1755	 41.358	 16.10833	 6.000
    1756	 41.358	 16.12500	 2.000
    1757	 41.358	 16.14167	 2.000
    1758	 41.358	 16.15833	 2.000
    1759	 41.358	 16.17500	 1.000
    1760	 41.358	 16.19167	 0.000
    1761	 41.358	 16.20833	 1.000
    1762	 41.358	 16.22500	 -4.700
    1763	 41.358	 16.24167	 -9.250
    1764	 41.358	 16.25833	 -10.900
    1765	 41.358	 16.27500	 -12.150
    1766	 41.358	 16.29167	 -14.950
    1767	 41.358	 16.30833	 -16.800
    1768	 41.358	 16.32500	 -19.300
    1769	 41.358	 16.34167	 -20.500
    1770	 41.358	 16.35833	 -21.550
    1771	 41.358	 16.37500	 -24.100
    1772	 41.358	 16.39167	 -27.200
    1773	 41.358	 16.40833	 -30.600
    1774	 41.358	 16.42500	 -33.800
    1775	 41.358	 16.44167	 -37.400
    1776	 41.358	 16.45833	 -41.400
    1777	 41.358	 16.47500	 -44.350
    1778	 41.358	 16.49167	 -48.250
    1779	 41.358	 16.50833	 -53.200
    1780	 41.358	 16.52500	 -57.600
    1781	 41.358	 16.54167	 -61.200
    1782	 41.358	 16.55833	 -64.900
    1783	 41.358	 16.57500	 -69.100
    1784	 41.358	 16.59167	 -73.000
    1785	 41.358	 16.60833	 -76.200
    1786	 41.358	 16.62500	 -79.050
    1787	 41.358	 16.64167	 -82.900
    1788	 41.358	 16.65833	 -86.700
    1789	 41.358	 16.67500	 -89.200
    1790	 41.358	 16.69167	 -92.100
    1791	 41.358	 16.70833	 -95.200
    1792	 41.358	 16.72500	 -97.050
    1793	 41.358	 16.74167	 -98.800
    1794	 41.358	 16.75833	 -100.750
    1795	 41.358	 16.77500	 -102.900
    1796	 41.358	 16.79167	 -104.650
    1797	 41.358	 16.80833	 -106.700
    1798	 41.358	 16.82500	 -108.500
    1799	 41.358	 16.84167	 -110.400
    1800	 41.342	 15.85833	 51.000
    1801	 41.342	 15.87500	 48.000
    1802	 41.342	 15.89167	 51.000
    1803	 41.342	 15.90833	 53.000
    1804	 41.342	 15.92500	 36.000
    1805	 41.342	 15.94167	 37.000
    1806	 41.342	 15.95833	 36.000
    1807	 41.342	 15.97500	 30.000
    1808	 41.342	 15.99167	 34.000
    1809	 41.342	 16.00833	 38.000
    1810	 41.342	 16.02500	 36.000
    1811	 41.342	 16.04167	 19.000
    1812	 41.342	 16.05833	 12.000
    1813	 41.342	 16.07500	 13.000
    1814	 41.342	 16.09167	 14.000
    1815	 41.342	 16.10833	 12.000
    1816	 41.342	 16.12500	 9.000
    1817	 41.342	 16.14167	 7.000
    1818	 41.342	 16.15833	 6.000
    1819	 41.342	 16.17500	 4.000
    1820	 41.342	 16.19167	 1.000
    1821	 41.342	 16.20833	 1.000
    1822	 41.342	 16.22500	 1.000
    1823	 41.342	 16.24167	 -1.600
    1824	 41.342	 16.25833	 -6.400
    1825	 41.342	 16.27500	 -8.950
    1826	 41.342	 16.29167	 -9.350
    1827	 41.342	 16.30833	 -10.550
    1828	 41.342	 16.32500	 -13.900
    1829	 41.342	 16.34167	 -16.550
    1830	 41.342	 16.35833	 -17.900
    1831	 41.342	 16.37500	 -19.100
    1832	 41.342	 16.39167	 -20.350
    1833	 41.342	 16.40833	 -23.300
    1834	 41.342	 16.42500	 -27.950
    1835	 41.342	 16.44167	 -32.550
    1836	 41.342	 16.45833	 -36.250
    1837	 41.342	 16.47500	 -40.000
    1838	 41.342	 16.49167	 -43.650
    1839	 41.342	 16.50833	 -48.000
    1840	 41.342	 16.52500	 -52.800
    1841	 41.342	 16.54167	 -56.850
    1842	 41.342	 16.55833	 -60.950
    1843	 41.342	 16.57500	 -65.900
    1844	 41.342	 16.59167	 -69.650
    1845	 41.342	 16.60833	 -73.200
    1846	 41.342	 16.62500	 -76.400
    1847	 41.342	 16.64167	 -79.650
    1848	 41.342	 16.65833	 -83.350
    1849	 41.342	 16.67500	 -86.750
    1850	 41.342	 16.69167	 -90.200
    1851	 41.342	 16.70833	 -93.300
    1852	 41.342	 16.72500	 -95.800
    1853	 41.342	 16.74167	 -97.500
    1854	 41.342	 16.75833	 -99.450
    1855	 41.342	 16.77500	 -101.700
    1856	 41.342	 16.79167	 -103.700
    1857	 41.342	 16.80833	 -105.850
    1858	 41.342	 16.82500	 -107.800
    1859	 41.342	 16.84167	 -110.050
    1860	 41.325	 15.85833	 60.000
    1861	 41.325	 15.87500	 64.000
    1862	 41.325	 15.89167	 56.000
    1863	 41.325	 15.90833	 45.000
    1864	 41.325	 15.92500	 49.000
    1865	 41.325	 15.94167	 63.000
    1866	 41.325	 15.95833	 58.000
    1867	 41.325	 15.97500	 57.000
    1868	 41.325	 15.99167	 48.000
    1869	 41.325	 16.00833	 54.000
    1870	 41.325	 16.02500	 54.000
    1871	 41.325	 16.04167	 44.000
    1872	 41.325	 16.05833	 37.000
    1873	 41.325	 16.07500	 23.000
    1874	 41.325	 16.09167	 25.000
    1875	 41.325	 16.10833	 25.000
    1876	 41.325	 16.12500	 14.000
    1877	 41.325	 16.14167	 11.000
    1878	 41.325	 16.15833	 8.000
    1879	 41.325	 16.17500	 7.000
    1880	 41.325	 16.19167	 14.000
    1881	 41.325	 16.20833	 5.000
    1882	 41.325	 16.22500	 6.000
    1883	 41.325	 16.24167	 16.000
    1884	 41.325	 16.25833	 15.000
    1885	 41.325	 16.27500	 1.000
    1886	 41.325	 16.29167	 -0.565
    1887	 41.325	 16.30833	 -3.950
    1888	 41.325	 16.32500	 -6.350
    1889	 41.325	 16.34167	 -9.650
    1890	 41.325	 16.35833	 -11.200
    1891	 41.325	 16.37500	 -15.500
    1892	 41.325	 16.39167	 -17.150
    1893	 41.325	 16.40833	 -18.350
    1894	 41.325	 16.42500	 -19.800
    1895	 41.325	 16.44167	 -25.150
    1896	 41.325	 16.45833	 -31.000
    1897	 41.325	 16.47500	 -34.200
    1898	 41.325	 16.49167	 -38.400
    1899	 41.325	 16.50833	 -43.050
    1900	 41.325	 16.52500	 -47.050
    1901	 41.325	 16.54167	 -51.450
    1902	 41.325	 16.55833	 -55.700
    1903	 41.325	 16.57500	 -61.250
    1904	 41.325	 16.59167	 -65.200
    1905	 41.325	 16.60833	 -69.050
    1906	 41.325	 16.62500	 -73.200
    1907	 41.325	 16.64167	 -76.700
    1908	 41.325	 16.65833	 -80.050
    1909	 41.325	 16.67500	 -83.850
    1910	 41.325	 16.69167	 -87.800
    1911	 41.325	 16.70833	 -90.750
    1912	 41.325	 16.72500	 -93.600
    1913	 41.325	 16.74167	 -95.900
    1914	 41.325	 16.75833	 -98.250
    1915	 41.325	 16.77500	 -100.400
    1916	 41.325	 16.79167	 -102.600
    1917	 41.325	 16.80833	 -105.050
    1918	 41.325	 16.82500	 -106.650
    1919	 41.325	 16.84167	 -108.650
    1920	 41.308	 15.85833	 66.000
    1921	 41.308	 15.87500	 63.000
    1922	 41.308	 15.89167	 67.000
    1923	 41.308	 15.90833	 64.000
    1924	 41.308	 15.92500	 77.000
    1925	 41.308	 15.94167	 82.000
    1926	 41.308	 15.95833	 81.000
    1927	 41.308	 15.97500	 76.000
    1928	 41.308	 15.99167	 71.000
    1929	 41.308	 16.00833	 66.000
    1930	 41.308	 16.02500	 72.000
    1931	 41.308	 16.04167	 61.000
    1932	 41.308	 16.05833	 44.000
    1933	 41.308	 16.07500	 51.000
    1934	 41.308	 16.09167	 46.000
    1935	 41.308	 16.10833	 23.000
    1936	 41.308	 16.12500	 17.000
    1937	 41.308	 16.14167	 14.000
    1938	 41.308	 16.15833	 11.000
    1939	 41.308	 16.17500	 30.000
    1940	 41.308	 16.19167	 22.000
    1941	 41.308	 16.20833	 25.000
    1942	 41.308	 16.22500	 19.000
    1943	 41.308	 16.24167	 24.000
    1944	 41.308	 16.25833	 22.000
    1945	 41.308	 16.27500	 28.000
    1946	 41.308	 16.29167	 16.000
    1947	 41.308	 16.30833	 15.000
    1948	 41.308	 16.32500	 7.000
    1949	 41.308	 16.34167	 1.000
    1950	 41.308	 16.35833	 -2.650
    1951	 41.308	 16.37500	 -8.000
    1952	 41.308	 16.39167	 -10.900
    1953	 41.308	 16.40833	 -13.450
    1954	 41.308	 16.42500	 -16.950
    1955	 41.308	 16.44167	 -18.550
    1956	 41.308	 16.45833	 -22.600
    1957	 41.308	 16.47500	 -28.600
    1958	 41.308	 16.49167	 -33.450
    1959	 41.308	 16.50833	 -37.400
    1960	 41.308	 16.52500	 -41.350
    1961	 41.308	 16.54167	 -45.050
    1962	 41.308	 16.55833	 -50.050
    1963	 41.308	 16.57500	 -53.700
    1964	 41.308	 16.59167	 -60.050
    1965	 41.308	 16.60833	 -64.450
    1966	 41.308	 16.62500	 -68.500
    1967	 41.308	 16.64167	 -72.350
    1968	 41.308	 16.65833	 -75.950
    1969	 41.308	 16.67500	 -79.000
    1970	 41.308	 16.69167	 -83.200
    1971	 41.308	 16.70833	 -87.250
    1972	 41.308	 16.72500	 -90.500
    1973	 41.308	 16.74167	 -93.800
    1974	 41.308	 16.75833	 -96.400
    1975	 41.308	 16.77500	 -98.850
    1976	 41.308	 16.79167	 -101.050
    1977	 41.308	 16.80833	 -103.250
    1978	 41.308	 16.82500	 -105.050
    1979	 41.308	 16.84167	 -107.150
    1980	 41.292	 15.85833	 95.000
    1981	 41.292	 15.87500	 87.000
    1982	 41.292	 15.89167	 83.000
    1983	 41.292	 15.90833	 72.000
    1984	 41.292	 15.92500	 78.000
    1985	 41.292	 15.94167	 96.000
    1986	 41.292	 15.95833	 97.000
    1987	 41.292	 15.97500	 97.000
    1988	 41.292	 15.99167	 90.000
    1989	 41.292	 16.00833	 88.000
    1990	 41.292	 16.02500	 75.000
    1991	 41.292	 16.04167	 60.000
    1992	 41.292	 16.05833	 78.000
    1993	 41.292	 16.07500	 72.000
    1994	 41.292	 16.09167	 27.000
    1995	 41.292	 16.10833	 23.000
    1996	 41.292	 16.12500	 21.000
    1997	 41.292	 16.14167	 37.000
    1998	 41.292	 16.15833	 66.000
    1999	 41.292	 16.17500	 56.000
    2000	 41.292	 16.19167	 39.000
    2001	 41.292	 16.20833	 31.000
    2002	 41.292	 16.22500	 32.000
    2003	 41.292	 16.24167	 34.000
    2004	 41.292	 16.25833	 32.000
    2005	 41.292	 16.27500	 27.000
    2006	 41.292	 16.29167	 33.000
    2007	 41.292	 16.30833	 18.000
    2008	 41.292	 16.32500	 22.000
    2009	 41.292	 16.34167	 20.000
    2010	 41.292	 16.35833	 16.000
    2011	 41.292	 16.37500	 7.000
    2012	 41.292	 16.39167	 -2.525
    2013	 41.292	 16.40833	 -6.800
    2014	 41.292	 16.42500	 -11.600
    2015	 41.292	 16.44167	 -15.850
    2016	 41.292	 16.45833	 -18.150
    2017	 41.292	 16.47500	 -21.350
    2018	 41.292	 16.49167	 -26.900
    2019	 41.292	 16.50833	 -31.650
    2020	 41.292	 16.52500	 -35.400
    2021	 41.292	 16.54167	 -40.550
    2022	 41.292	 16.55833	 -44.300
    2023	 41.292	 16.57500	 -48.650
    2024	 41.292	 16.59167	 -52.250
    2025	 41.292	 16.60833	 -58.400
    2026	 41.292	 16.62500	 -62.150
    2027	 41.292	 16.64167	 -66.000
    2028	 41.292	 16.65833	 -71.100
    2029	 41.292	 16.67500	 -75.450
    2030	 41.292	 16.69167	 -78.100
    2031	 41.292	 16.70833	 -82.000
    2032	 41.292	 16.72500	 -86.750
    2033	 41.292	 16.74167	 -90.200
    2034	 41.292	 16.75833	 -93.950
    2035	 41.292	 16.77500	 -96.800
    2036	 41.292	 16.79167	 -99.800
    2037	 41.292	 16.80833	 -101.550
    2038	 41.292	 16.82500	 -103.450
    2039	 41.292	 16.84167	 -105.550
    2040	 41.275	 15.85833	 106.000
    2041	 41.275	 15.87500	 108.000
    2042	 41.275	 15.89167	 91.000
    2043	 41.275	 15.90833	 105.000
    2044	 41.275	 15.92500	 93.000
    2045	 41.275	 15.94167	 96.000
    2046	 41.275	 15.95833	 85.000
    2047	 41.275	 15.97500	 88.000
    2048	 41.275	 15.99167	 97.000
    2049	 41.275	 16.00833	 97.000
    2050	 41.275	 16.02500	 90.000
    2051	 41.275	 16.04167	 104.000
    2052	 41.275	 16.05833	 51.000
    2053	 41.275	 16.07500	 31.000
    2054	 41.275	 16.09167	 37.000
    2055	 41.275	 16.10833	 92.000
    2056	 41.275	 16.12500	 77.000
    2057	 41.275	 16.14167	 82.000
    2058	 41.275	 16.15833	 63.000
    2059	 41.275	 16.17500	 55.000
    2060	 41.275	 16.19167	 44.000
    2061	 41.275	 16.20833	 52.000
    2062	 41.275	 16.22500	 64.000
    2063	 41.275	 16.24167	 60.000
    2064	 41.275	 16.25833	 62.000
    2065	 41.275	 16.27500	 51.000
    2066	 41.275	 16.29167	 55.000
    2067	 41.275	 16.30833	 52.000
    2068	 41.275	 16.32500	 46.000
    2069	 41.275	 16.34167	 28.000
    2070	 41.275	 16.35833	 31.000
    2071	 41.275	 16.37500	 37.000
    2072	 41.275	 16.39167	 21.000
    2073	 41.275	 16.40833	 17.000
    2074	 41.275	 16.42500	 12.000
    2075	 41.275	 16.44167	 -5.900
    2076	 41.275	 16.45833	 -12.200
    2077	 41.275	 16.47500	 -17.200
    2078	 41.275	 16.49167	 -19.900
    2079	 41.275	 16.50833	 -24.400
    2080	 41.275	 16.52500	 -29.400
    2081	 41.275	 16.54167	 -34.050
    2082	 41.275	 16.55833	 -37.750
    2083	 41.275	 16.57500	 -41.950
    2084	 41.275	 16.59167	 -46.350
    2085	 41.275	 16.60833	 -51.250
    2086	 41.275	 16.62500	 -54.950
    2087	 41.275	 16.64167	 -59.150
    2088	 41.275	 16.65833	 -63.400
    2089	 41.275	 16.67500	 -67.350
    2090	 41.275	 16.69167	 -72.200
    2091	 41.275	 16.70833	 -76.250
    2092	 41.275	 16.72500	 -82.600
    2093	 41.275	 16.74167	 -86.850
    2094	 41.275	 16.75833	 -90.150
    2095	 41.275	 16.77500	 -93.750
    2096	 41.275	 16.79167	 -97.000
    2097	 41.275	 16.80833	 -99.250
    2098	 41.275	 16.82500	 -101.400
    2099	 41.275	 16.84167	 -103.900
    2100	 41.258	 15.85833	 128.000
    2101	 41.258	 15.87500	 115.000
    2102	 41.258	 15.89167	 127.000
    2103	 41.258	 15.90833	 121.000
    2104	 41.258	 15.92500	 112.000
    2105	 41.258	 15.94167	 106.000
    2106	 41.258	 15.95833	 108.000
    2107	 41.258	 15.97500	 111.000
    2108	 41.258	 15.99167	 106.000
    2109	 41.258	 16.00833	 80.000
    2110	 41.258	 16.02500	 78.000
    2111	 41.258	 16.04167	 50.000
    2112	 41.258	 16.05833	 39.000
    2113	 41.258	 16.07500	 57.000
    2114	 41.258	 16.09167	 103.000
    2115	 41.258	 16.10833	 105.000
    2116	 41.258	 16.12500	 106.000
    2117	 41.258	 16.14167	 102.000
    2118	 41.258	 16.15833	 96.000
    2119	 41.258	 16.17500	 78.000
    2120	 41.258	 16.19167	 71.000
    2121	 41.258	 16.20833	 92.000
    2122	 41.258	 16.22500	 103.000
    2123	 41.258	 16.24167	 77.000
    2124	 41.258	 16.25833	 92.000
    2125	 41.258	 16.27500	 97.000
    2126	 41.258	 16.29167	 108.000
    2127	 41.258	 16.30833	 88.000
    2128	 41.258	 16.32500	 76.000
    2129	 41.258	 16.34167	 64.000
    2130	 41.258	 16.35833	 56.000
    2131	 41.258	 16.37500	 52.000
    2132	 41.258	 16.39167	 42.000
    2133	 41.258	 16.40833	 38.000
    2134	 41.258	 16.42500	 29.000
    2135	 41.258	 16.44167	 18.000
    2136	 41.258	 16.45833	 11.000
    2137	 41.258	 16.47500	 -9.300
    2138	 41.258	 16.49167	 -12.600
    2139	 41.258	 16.50833	 -16.850
    2140	 41.258	 16.52500	 -20.750
    2141	 41.258	 16.54167	 -25.950
    2142	 41.258	 16.55833	 -31.250
    2143	 41.258	 16.57500	 -35.550
    2144	 41.258	 16.59167	 -40.100
    2145	 41.258	 16.60833	 -44.500
    2146	 41.258	 16.62500	 -48.050
    2147	 41.258	 16.64167	 -52.200
    2148	 41.258	 16.65833	 -56.350
    2149	 41.258	 16.67500	 -60.350
    2150	 41.258	 16.69167	 -64.800
    2151	 41.258	 16.70833	 -70.750
    2152	 41.258	 16.72500	 -76.800
    2153	 41.258	 16.74167	 -81.400
    2154	 41.258	 16.75833	 -86.200
    2155	 41.258	 16.77500	 -89.400
    2156	 41.258	 16.79167	 -93.700
    2157	 41.258	 16.80833	 -97.000
    2158	 41.258	 16.82500	 -99.250
    2159	 41.258	 16.84167	 -102.100
    2160	 41.242	 15.85833	 150.000
    2161	 41.242	 15.87500	 145.000
    2162	 41.242	 15.89167	 149.000
    2163	 41.242	 15.90833	 133.000
    2164	 41.242	 15.92500	 122.000
    2165	 41.242	 15.94167	 119.000
    2166	 41.242	 15.95833	 107.000
    2167	 41.242	 15.97500	 105.000
    2168	 41.242	 15.99167	 99.000
    2169	 41.242	 16.00833	 64.000
    2170	 41.242	 16.02500	 48.000
    2171	 41.242	 16.04167	 45.000
    2172	 41.242	 16.05833	 51.000
    2173	 41.242	 16.07500	 119.000
    2174	 41.242	 16.09167	 135.000
    2175	 41.242	 16.10833	 141.000
    2176	 41.242	 16.12500	 141.000
    2177	 41.242	 16.14167	 116.000
    2178	 41.242	 16.15833	 131.000
    2179	 41.242	 16.17500	 131.000
    2180	 41.242	 16.19167	 124.000
    2181	 41.242	 16.20833	 122.000
    2182	 41.242	 16.22500	 116.000
    2183	 41.242	 16.24167	 122.000
    2184	 41.242	 16.25833	 95.000
    2185	 41.242	 16.27500	 117.000
    2186	 41.242	 16.29167	 141.000
    2187	 41.242	 16.30833	 133.000
    2188	 41.242	 16.32500	 119.000
    2189	 41.242	 16.34167	 104.000
    2190	 41.242	 16.35833	 93.000
    2191	 41.242	 16.37500	 78.000
    2192	 41.242	 16.39167	 69.000
    2193	 41.242	 16.40833	 68.000
    2194	 41.242	 16.42500	 63.000
    2195	 41.242	 16.44167	 49.000
    2196	 41.242	 16.45833	 33.000
    2197	 41.242	 16.47500	 34.000
    2198	 41.242	 16.49167	 30.000
    2199	 41.242	 16.50833	 18.000
    2200	 41.242	 16.52500	 5.000
    2201	 41.242	 16.54167	 -16.850
    2202	 41.242	 16.55833	 -20.800
    2203	 41.242	 16.57500	 -26.150
    2204	 41.242	 16.59167	 -30.300
    2205	 41.242	 16.60833	 -35.650
    2206	 41.242	 16.62500	 -40.550
    2207	 41.242	 16.64167	 -45.200
    2208	 41.242	 16.65833	 -49.000
    2209	 41.242	 16.67500	 -52.600
    2210	 41.242	 16.69167	 -57.000
    2211	 41.242	 16.70833	 -62.350
    2212	 41.242	 16.72500	 -68.100
    2213	 41.242	 16.74167	 -73.700
    2214	 41.242	 16.75833	 -79.000
    2215	 41.242	 16.77500	 -83.800
    2216	 41.242	 16.79167	 -87.400
    2217	 41.242	 16.80833	 -91.800
    2218	 41.242	 16.82500	 -95.750
    2219	 41.242	 16.84167	 -98.750
    2220	 41.225	 15.85833	 167.000
    2221	 41.225	 15.87500	 158.000
    2222	 41.225	 15.89167	 157.000
    2223	 41.225	 15.90833	 152.000
    2224	 41.225	 15.92500	 144.000
    2225	 41.225	 15.94167	 114.000
    2226	 41.225	 15.95833	 84.000
    2227	 41.225	 15.97500	 72.000
    2228	 41.225	 15.99167	 63.000
    2229	 41.225	 16.00833	 55.000
    2230	 41.225	 16.02500	 53.000
    2231	 41.225	 16.04167	 61.000
    2232	 41.225	 16.05833	 115.000
    2233	 41.225	 16.07500	 133.000
    2234	 41.225	 16.09167	 137.000
    2235	 41.225	 16.10833	 160.000
    2236	 41.225	 16.12500	 157.000
    2237	 41.225	 16.14167	 142.000
    2238	 41.225	 16.15833	 162.000
    2239	 41.225	 16.17500	 142.000
    2240	 41.225	 16.19167	 162.000
    2241	 41.225	 16.20833	 145.000
    2242	 41.225	 16.22500	 139.000
    2243	 41.225	 16.24167	 154.000
    2244	 41.225	 16.25833	 152.000
    2245	 41.225	 16.27500	 154.000
    2246	 41.225	 16.29167	 142.000
    2247	 41.225	 16.30833	 162.000
    2248	 41.225	 16.32500	 148.000
    2249	 41.225	 16.34167	 139.000
    2250	 41.225	 16.35833	 138.000
    2251	 41.225	 16.37500	 115.000
    2252	 41.225	 16.39167	 94.000
    2253	 41.225	 16.40833	 88.000
    2254	 41.225	 16.42500	 80.000
    2255	 41.225	 16.44167	 67.000
    2256	 41.225	 16.45833	 60.000
    2257	 41.225	 16.47500	 48.000
    2258	 41.225	 16.49167	 42.000
    2259	 41.225	 16.50833	 32.000
    2260	 41.225	 16.52500	 23.000
    2261	 41.225	 16.54167	 17.000
    2262	 41.225	 16.55833	 2.000
    2263	 41.225	 16.57500	 -17.200
    2264	 41.225	 16.59167	 -21.600
    2265	 41.225	 16.60833	 -26.050
    2266	 41.225	 16.62500	 -30.000
    2267	 41.225	 16.64167	 -34.050
    2268	 41.225	 16.65833	 -39.350
    2269	 41.225	 16.67500	 -44.800
    2270	 41.225	 16.69167	 -50.750
    2271	 41.225	 16.70833	 -54.800
    2272	 41.225	 16.72500	 -59.100
    2273	 41.225	 16.74167	 -64.050
    2274	 41.225	 16.75833	 -70.150
    2275	 41.225	 16.77500	 -74.900
    2276	 41.225	 16.79167	 -79.550
    2277	 41.225	 16.80833	 -85.750
    2278	 41.225	 16.82500	 -89.700
    2279	 41.225	 16.84167	 -94.300
    2280	 41.208	 15.85833	 165.000
    2281	 41.208	 15.87500	 168.000
    2282	 41.208	 15.89167	 164.000
    2283	 41.208	 15.90833	 170.000
    2284	 41.208	 15.92500	 142.000
    2285	 41.208	 15.94167	 116.000
    2286	 41.208	 15.95833	 103.000
    2287	 41.208	 15.97500	 69.000
    2288	 41.208	 15.99167	 62.000
    2289	 41.208	 16.00833	 62.000
    2290	 41.208	 16.02500	 76.000
    2291	 41.208	 16.04167	 92.000
    2292	 41.208	 16.05833	 121.000
    2293	 41.208	 16.07500	 188.000
    2294	 41.208	 16.09167	 162.000
    2295	 41.208	 16.10833	 186.000
    2296	 41.208	 16.12500	 174.000
    2297	 41.208	 16.14167	 184.000
    2298	 41.208	 16.15833	 183.000
    2299	 41.208	 16.17500	 175.000
    2300	 41.208	 16.19167	 187.000
    2301	 41.208	 16.20833	 179.000
    2302	 41.208	 16.22500	 178.000
    2303	 41.208	 16.24167	 178.000
    2304	 41.208	 16.25833	 171.000
    2305	 41.208	 16.27500	 163.000
    2306	 41.208	 16.29167	 169.000
    2307	 41.208	 16.30833	 173.000
    2308	 41.208	 16.32500	 175.000
    2309	 41.208	 16.34167	 176.000
    2310	 41.208	 16.35833	 171.000
    2311	 41.208	 16.37500	 148.000
    2312	 41.208	 16.39167	 132.000
    2313	 41.208	 16.40833	 114.000
    2314	 41.208	 16.42500	 107.000
    2315	 41.208	 16.44167	 93.000
    2316	 41.208	 16.45833	 85.000
    2317	 41.208	 16.47500	 78.000
    2318	 41.208	 16.49167	 64.000
    2319	 41.208	 16.50833	 52.000
    2320	 41.208	 16.52500	 46.000
    2321	 41.208	 16.54167	 39.000
    2322	 41.208	 16.55833	 22.000
    2323	 41.208	 16.57500	 8.000
    2324	 41.208	 16.59167	 -1.000
    2325	 41.208	 16.60833	 -14.750
    2326	 41.208	 16.62500	 -20.450
    2327	 41.208	 16.64167	 -23.800
    2328	 41.208	 16.65833	 -27.200
    2329	 41.208	 16.67500	 -31.750
    2330	 41.208	 16.69167	 -37.800
    2331	 41.208	 16.70833	 -43.250
    2332	 41.208	 16.72500	 -49.650
    2333	 41.208	 16.74167	 -55.150
    2334	 41.208	 16.75833	 -60.500
    2335	 41.208	 16.77500	 -64.650
    2336	 41.208	 16.79167	 -69.650
    2337	 41.208	 16.80833	 -75.700
    2338	 41.208	 16.82500	 -80.800
    2339	 41.208	 16.84167	 -85.700
    2340	 41.192	 15.85833	 182.000
    2341	 41.192	 15.87500	 166.000
    2342	 41.192	 15.89167	 149.000
    2343	 41.192	 15.90833	 119.000
    2344	 41.192	 15.92500	 102.000
    2345	 41.192	 15.94167	 86.000
    2346	 41.192	 15.95833	 76.000
    2347	 41.192	 15.97500	 70.000
    2348	 41.192	 15.99167	 77.000
    2349	 41.192	 16.00833	 110.000
    2350	 41.192	 16.02500	 115.000
    2351	 41.192	 16.04167	 133.000
    2352	 41.192	 16.05833	 134.000
    2353	 41.192	 16.07500	 202.000
    2354	 41.192	 16.09167	 220.000
    2355	 41.192	 16.10833	 221.000
    2356	 41.192	 16.12500	 208.000
    2357	 41.192	 16.14167	 187.000
    2358	 41.192	 16.15833	 199.000
    2359	 41.192	 16.17500	 208.000
    2360	 41.192	 16.19167	 192.000
    2361	 41.192	 16.20833	 193.000
    2362	 41.192	 16.22500	 201.000
    2363	 41.192	 16.24167	 198.000
    2364	 41.192	 16.25833	 202.000
    2365	 41.192	 16.27500	 228.000
    2366	 41.192	 16.29167	 197.000
    2367	 41.192	 16.30833	 192.000
    2368	 41.192	 16.32500	 195.000
    2369	 41.192	 16.34167	 194.000
    2370	 41.192	 16.35833	 184.000
    2371	 41.192	 16.37500	 181.000
    2372	 41.192	 16.39167	 174.000
    2373	 41.192	 16.40833	 164.000
    2374	 41.192	 16.42500	 164.000
    2375	 41.192	 16.44167	 136.000
    2376	 41.192	 16.45833	 121.000
    2377	 41.192	 16.47500	 106.000
    2378	 41.192	 16.49167	 95.000
    2379	 41.192	 16.50833	 83.000
    2380	 41.192	 16.52500	 70.000
    2381	 41.192	 16.54167	 62.000
    2382	 41.192	 16.55833	 52.000
    2383	 41.192	 16.57500	 45.000
    2384	 41.192	 16.59167	 39.000
    2385	 41.192	 16.60833	 22.000
    2386	 41.192	 16.62500	 10.000
    2387	 41.192	 16.64167	 6.000
    2388	 41.192	 16.65833	 3.000
    2389	 41.192	 16.67500	 1.000
    2390	 41.192	 16.69167	 -22.850
    2391	 41.192	 16.70833	 -27.550
    2392	 41.192	 16.72500	 -33.150
    2393	 41.192	 16.74167	 -38.900
    2394	 41.192	 16.75833	 -45.300
    2395	 41.192	 16.77500	 -50.650
    2396	 41.192	 16.79167	 -55.700
    2397	 41.192	 16.80833	 -62.300
    2398	 41.192	 16.82500	 -68.400
    2399	 41.192	 16.84167	 -73.550
    2400	 41.175	 15.85833	 172.000
    2401	 41.175	 15.87500	 166.000
    2402	 41.175	 15.89167	 180.000
    2403	 41.175	 15.90833	 177.000
    2404	 41.175	 15.92500	 83.000
    2405	 41.175	 15.94167	 81.000
    2406	 41.175	 15.95833	 76.000
    2407	 41.175	 15.97500	 99.000
    2408	 41.175	 15.99167	 108.000
    2409	 41.175	 16.00833	 144.000
    2410	 41.175	 16.02500	 155.000
    2411	 41.175	 16.04167	 144.000
    2412	 41.175	 16.05833	 181.000
    2413	 41.175	 16.07500	 236.000
    2414	 41.175	 16.09167	 234.000
    2415	 41.175	 16.10833	 233.000
    2416	 41.175	 16.12500	 225.000
    2417	 41.175	 16.14167	 220.000
    2418	 41.175	 16.15833	 227.000
    2419	 41.175	 16.17500	 220.000
    2420	 41.175	 16.19167	 224.000
    2421	 41.175	 16.20833	 224.000
    2422	 41.175	 16.22500	 227.000
    2423	 41.175	 16.24167	 230.000
    2424	 41.175	 16.25833	 238.000
    2425	 41.175	 16.27500	 247.000
    2426	 41.175	 16.29167	 228.000
    2427	 41.175	 16.30833	 215.000
    2428	 41.175	 16.32500	 212.000
    2429	 41.175	 16.34167	 214.000
    2430	 41.175	 16.35833	 209.000
    2431	 41.175	 16.37500	 206.000
    2432	 41.175	 16.39167	 198.000
    2433	 41.175	 16.40833	 192.000
    2434	 41.175	 16.42500	 174.000
    2435	 41.175	 16.44167	 164.000
    2436	 41.175	 16.45833	 154.000
    2437	 41.175	 16.47500	 144.000
    2438	 41.175	 16.49167	 126.000
    2439	 41.175	 16.50833	 104.000
    2440	 41.175	 16.52500	 100.000
    2441	 41.175	 16.54167	 89.000
    2442	 41.175	 16.55833	 80.000
    2443	 41.175	 16.57500	 73.000
    2444	 41.175	 16.59167	 63.000
    2445	 41.175	 16.60833	 56.000
    2446	 41.175	 16.62500	 51.000
    2447	 41.175	 16.64167	 42.000
    2448	 41.175	 16.65833	 36.000
    2449	 41.175	 16.67500	 26.000
    2450	 41.175	 16.69167	 12.000
    2451	 41.175	 16.70833	 1.000
    2452	 41.175	 16.72500	 -15.600
    2453	 41.175	 16.74167	 -20.800
    2454	 41.175	 16.75833	 -27.850
    2455	 41.175	 16.77500	 -36.550
    2456	 41.175	 16.79167	 -42.400
    2457	 41.175	 16.80833	 -46.600
    2458	 41.175	 16.82500	 -51.300
    2459	 41.175	 16.84167	 -56.500
    2460	 41.158	 15.85833	 130.000
    2461	 41.158	 15.87500	 128.000
    2462	 41.158	 15.89167	 93.000
    2463	 41.158	 15.90833	 92.000
    2464	 41.158	 15.92500	 90.000
    2465	 41.158	 15.94167	 102.000
    2466	 41.158	 15.95833	 117.000
    2467	 41.158	 15.97500	 114.000
    2468	 41.158	 15.99167	 139.000
    2469	 41.158	 16.00833	 166.000
    2470	 41.158	 16.02500	 173.000
    2471	 41.158	 16.04167	 169.000
    2472	 41.158	 16.05833	 200.000
    2473	 41.158	 16.07500	 260.000
    2474	 41.158	 16.09167	 275.000
    2475	 41.158	 16.10833	 351.000
    2476	 41.158	 16.12500	 284.000
    2477	 41.158	 16.14167	 253.000
    2478	 41.158	 16.15833	 253.000
    2479	 41.158	 16.17500	 240.000
    2480	 41.158	 16.19167	 238.000
    2481	 41.158	 16.20833	 283.000
    2482	 41.158	 16.22500	 289.000
    2483	 41.158	 16.24167	 277.000
    2484	 41.158	 16.25833	 261.000
    2485	 41.158	 16.27500	 256.000
    2486	 41.158	 16.29167	 261.000
    2487	 41.158	 16.30833	 261.000
    2488	 41.158	 16.32500	 247.000
    2489	 41.158	 16.34167	 239.000
    2490	 41.158	 16.35833	 225.000
    2491	 41.158	 16.37500	 218.000
    2492	 41.158	 16.39167	 220.000
    2493	 41.158	 16.40833	 225.000
    2494	 41.158	 16.42500	 202.000
    2495	 41.158	 16.44167	 187.000
    2496	 41.158	 16.45833	 178.000
    2497	 41.158	 16.47500	 168.000
    2498	 41.158	 16.49167	 153.000
    2499	 41.158	 16.50833	 140.000
    2500	 41.158	 16.52500	 132.000
    2501	 41.158	 16.54167	 119.000
    2502	 41.158	 16.55833	 110.000
    2503	 41.158	 16.57500	 105.000
    2504	 41.158	 16.59167	 99.000
    2505	 41.158	 16.60833	 94.000
    2506	 41.158	 16.62500	 79.000
    2507	 41.158	 16.64167	 67.000
    2508	 41.158	 16.65833	 62.000
    2509	 41.158	 16.67500	 54.000
    2510	 41.158	 16.69167	 43.000
    2511	 41.158	 16.70833	 35.000
    2512	 41.158	 16.72500	 29.000
    2513	 41.158	 16.74167	 25.000
    2514	 41.158	 16.75833	 13.000
    2515	 41.158	 16.77500	 7.000
    2516	 41.158	 16.79167	 -14.700
    2517	 41.158	 16.80833	 -24.000
    2518	 41.158	 16.82500	 -32.400
    2519	 41.158	 16.84167	 -35.700
